0 50 101.5
0 1 93.5
1 51 95.5
1 2 59.5
2 52 108.5
2 3 109.5
3 53 104.5
3 4 106.5
4 54 108.5
4 5 101.5
5 55 101.5
5 6 102.5
6 56 94.5
6 7 109.5
7 57 99.5
7 8 105.5
8 58 107.5
8 9 104.5
9 59 111.5
9 10 106.5
10 60 92.5
10 11 109.5
11 61 106.5
11 12 107.5
12 62 111.5
12 13 110.5
13 63 109.5
13 14 103.5
14 64 107.5
14 15 107.5
15 65 105.5
15 16 101.5
16 66 100.5
16 17 97.5
17 67 111.5
17 18 92.5
18 68 91.5
18 19 110.5
19 69 106.5
19 20 81.5
20 70 91.5
20 21 97.5
21 71 93.5
21 22 95.5
22 72 83.5
22 23 94.5
23 73 91.5
23 24 92.5
24 74 89.5
24 25 86.5
25 75 108.5
25 26 42.5
26 76 88.5
26 27 7.5
27 77 100.5
27 28 76.5
28 78 108.5
28 29 59.5
29 79 85.5
29 30 94.5
30 80 93.5
30 31 35.5
31 81 98.5
31 32 102.5
32 82 89.5
32 33 109.5
33 83 100.5
33 34 104.5
34 84 93.5
34 35 108.5
35 85 110.5
35 36 102.5
36 86 101.5
36 37 88.5
37 87 101.5
37 38 104.5
38 88 109.5
38 39 88.5
39 89 95.5
39 40 99.5
40 90 89.5
40 41 86.5
41 91 77.5
41 42 106.5
42 92 82.5
42 43 99.5
43 93 102.5
43 44 106.5
44 94 76.5
44 45 98.5
45 95 88.5
45 46 102.5
46 96 101.5
46 47 108.5
47 97 69.5
47 48 97.5
48 98 95.5
48 49 111.5
49 99 90.5
50 100 97.5
50 51 67.5
51 101 98.5
51 52 72.5
52 102 73.5
52 53 105.5
53 103 99.5
53 54 110.5
54 104 105.5
54 55 108.5
55 105 100.5
55 56 109.5
56 106 89.5
56 57 104.5
57 107 106.5
57 58 109.5
58 108 96.5
58 59 108.5
59 109 94.5
59 60 97.5
60 110 102.5
60 61 99.5
61 111 75.5
61 62 102.5
62 112 76.5
62 63 108.5
63 113 69.5
63 64 105.5
64 114 80.5
64 65 97.5
65 115 108.5
65 66 106.5
66 116 95.5
66 67 86.5
67 117 82.5
67 68 110.5
68 118 81.5
68 69 95.5
69 119 100.5
69 70 106.5
70 120 92.5
70 71 99.5
71 121 108.5
71 72 105.5
72 122 88.5
72 73 102.5
73 123 104.5
73 74 50.5
74 124 74.5
74 75 67.5
75 125 107.5
75 76 62.5
76 126 106.5
76 77 -26.5
77 127 95.5
77 78 68.5
78 128 110.5
78 79 30.5
79 129 78.5
79 80 86.5
80 130 49.5
80 81 40.5
81 131 109.5
81 82 85.5
82 132 90.5
82 83 98.5
83 133 80.5
83 84 111.5
84 134 111.5
84 85 91.5
85 135 87.5
85 86 93.5
86 136 105.5
86 87 108.5
87 137 87.5
87 88 110.5
88 138 91.5
88 89 106.5
89 139 104.5
89 90 85.5
90 140 108.5
90 91 98.5
91 141 111.5
91 92 101.5
92 142 102.5
92 93 103.5
93 143 97.5
93 94 90.5
94 144 105.5
94 95 110.5
95 145 104.5
95 96 89.5
96 146 82.5
96 97 76.5
97 147 108.5
97 98 99.5
98 148 104.5
98 99 106.5
99 149 106.5
100 150 103.5
100 101 94.5
101 151 103.5
101 102 97.5
102 152 92.5
102 103 79.5
103 153 84.5
103 104 92.5
104 154 98.5
104 105 91.5
105 155 102.5
105 106 102.5
106 156 75.5
106 107 77.5
107 157 59.5
107 108 93.5
108 158 87.5
108 109 82.5
109 159 77.5
109 110 71.5
110 160 75.5
110 111 96.5
111 161 95.5
111 112 101.5
112 162 108.5
112 113 107.5
113 163 71.5
113 114 106.5
114 164 100.5
114 115 91.5
115 165 87.5
115 116 97.5
116 166 108.5
116 117 99.5
117 167 65.5
117 118 111.5
118 168 77.5
118 119 108.5
119 169 71.5
119 120 108.5
120 170 89.5
120 121 107.5
121 171 83.5
121 122 97.5
122 172 92.5
122 123 104.5
123 173 96.5
123 124 80.5
124 174 81.5
124 125 100.5
125 175 107.5
125 126 71.5
126 176 102.5
126 127 -47.5
127 177 82.5
127 128 53.5
128 178 99.5
128 129 -3.5
129 179 94.5
129 130 -8.5
130 180 106.5
130 131 -19.5
131 181 88.5
131 132 108.5
132 182 93.5
132 133 88.5
133 183 87.5
133 134 80.5
134 184 72.5
134 135 107.5
135 185 82.5
135 136 111.5
136 186 96.5
136 137 84.5
137 187 106.5
137 138 106.5
138 188 99.5
138 139 103.5
139 189 86.5
139 140 89.5
140 190 92.5
140 141 95.5
141 191 103.5
141 142 92.5
142 192 83.5
142 143 96.5
143 193 97.5
143 144 98.5
144 194 110.5
144 145 109.5
145 195 99.5
145 146 111.5
146 196 88.5
146 147 108.5
147 197 94.5
147 148 109.5
148 198 103.5
148 149 104.5
149 199 100.5
150 200 107.5
150 151 110.5
151 201 92.5
151 152 70.5
152 202 85.5
152 153 97.5
153 203 92.5
153 154 78.5
154 204 95.5
154 155 109.5
155 205 108.5
155 156 57.5
156 206 104.5
156 157 93.5
157 207 99.5
157 158 101.5
158 208 83.5
158 159 92.5
159 209 61.5
159 160 69.5
160 210 102.5
160 161 106.5
161 211 110.5
161 162 88.5
162 212 103.5
162 163 70.5
163 213 90.5
163 164 77.5
164 214 93.5
164 165 104.5
165 215 98.5
165 166 104.5
166 216 105.5
166 167 80.5
167 217 110.5
167 168 99.5
168 218 106.5
168 169 108.5
169 219 105.5
169 170 96.5
170 220 106.5
170 171 109.5
171 221 96.5
171 172 106.5
172 222 106.5
172 173 100.5
173 223 102.5
173 174 95.5
174 224 82.5
174 175 88.5
175 225 107.5
175 176 58.5
176 226 88.5
176 177 -9.5
177 227 77.5
177 178 94.5
178 228 107.5
178 179 1.5
179 229 97.5
179 180 13.5
180 230 108.5
180 181 8.5
181 231 61.5
181 182 73.5
182 232 105.5
182 183 92.5
183 233 89.5
183 184 79.5
184 234 97.5
184 185 97.5
185 235 95.5
185 186 97.5
186 236 95.5
186 187 94.5
187 237 84.5
187 188 109.5
188 238 80.5
188 189 106.5
189 239 87.5
189 190 95.5
190 240 88.5
190 191 84.5
191 241 90.5
191 192 110.5
192 242 93.5
192 193 110.5
193 243 95.5
193 194 111.5
194 244 107.5
194 195 100.5
195 245 108.5
195 196 100.5
196 246 108.5
196 197 102.5
197 247 104.5
197 198 104.5
198 248 106.5
198 199 101.5
199 249 102.5
200 250 92.5
200 201 97.5
201 251 94.5
201 202 77.5
202 252 99.5
202 203 104.5
203 253 65.5
203 204 75.5
204 254 109.5
204 205 90.5
205 255 94.5
205 206 61.5
206 256 75.5
206 207 110.5
207 257 62.5
207 208 105.5
208 258 68.5
208 209 108.5
209 259 61.5
209 210 94.5
210 260 98.5
210 211 108.5
211 261 89.5
211 212 97.5
212 262 106.5
212 213 99.5
213 263 79.5
213 214 80.5
214 264 110.5
214 215 87.5
215 265 107.5
215 216 97.5
216 266 109.5
216 217 85.5
217 267 93.5
217 218 103.5
218 268 109.5
218 219 107.5
219 269 93.5
219 220 95.5
220 270 102.5
220 221 99.5
221 271 100.5
221 222 106.5
222 272 109.5
222 223 104.5
223 273 107.5
223 224 107.5
224 274 104.5
224 225 63.5
225 275 90.5
225 226 39.5
226 276 85.5
226 227 47.5
227 277 94.5
227 228 98.5
228 278 84.5
228 229 19.5
229 279 109.5
229 230 30.5
230 280 102.5
230 231 61.5
231 281 62.5
231 232 17.5
232 282 91.5
232 233 64.5
233 283 111.5
233 234 71.5
234 284 84.5
234 235 95.5
235 285 90.5
235 236 97.5
236 286 110.5
236 237 105.5
237 287 111.5
237 238 109.5
238 288 100.5
238 239 99.5
239 289 90.5
239 240 94.5
240 290 90.5
240 241 86.5
241 291 110.5
241 242 107.5
242 292 85.5
242 243 108.5
243 293 89.5
243 244 99.5
244 294 99.5
244 245 107.5
245 295 109.5
245 246 100.5
246 296 108.5
246 247 98.5
247 297 103.5
247 248 106.5
248 298 102.5
248 249 87.5
249 299 106.5
250 300 103.5
250 251 99.5
251 301 101.5
251 252 48.5
252 302 67.5
252 253 84.5
253 303 75.5
253 254 99.5
254 304 72.5
254 255 105.5
255 305 91.5
255 256 108.5
256 306 97.5
256 257 99.5
257 307 90.5
257 258 99.5
258 308 104.5
258 259 107.5
259 309 101.5
259 260 91.5
260 310 88.5
260 261 105.5
261 311 111.5
261 262 98.5
262 312 110.5
262 263 86.5
263 313 83.5
263 264 109.5
264 314 78.5
264 265 92.5
265 315 103.5
265 266 103.5
266 316 110.5
266 267 105.5
267 317 99.5
267 268 99.5
268 318 89.5
268 269 95.5
269 319 103.5
269 270 100.5
270 320 86.5
270 271 97.5
271 321 96.5
271 272 93.5
272 322 110.5
272 273 110.5
273 323 108.5
273 274 104.5
274 324 99.5
274 275 77.5
275 325 85.5
275 276 34.5
276 326 104.5
276 277 90.5
277 327 105.5
277 278 108.5
278 328 86.5
278 279 44.5
279 329 98.5
279 280 37.5
280 330 75.5
280 281 103.5
281 331 105.5
281 282 -11.5
282 332 85.5
282 283 84.5
283 333 95.5
283 284 98.5
284 334 105.5
284 285 101.5
285 335 101.5
285 286 105.5
286 336 105.5
286 287 104.5
287 337 95.5
287 288 98.5
288 338 96.5
288 289 109.5
289 339 106.5
289 290 94.5
290 340 104.5
290 291 106.5
291 341 109.5
291 292 90.5
292 342 96.5
292 293 104.5
293 343 105.5
293 294 89.5
294 344 99.5
294 295 105.5
295 345 89.5
295 296 105.5
296 346 90.5
296 297 93.5
297 347 91.5
297 298 105.5
298 348 101.5
298 299 83.5
299 349 102.5
300 350 93.5
300 301 105.5
301 351 106.5
301 302 102.5
302 352 106.5
302 303 76.5
303 353 90.5
303 304 96.5
304 354 102.5
304 305 86.5
305 355 59.5
305 306 102.5
306 356 102.5
306 307 106.5
307 357 91.5
307 308 109.5
308 358 106.5
308 309 110.5
309 359 98.5
309 310 78.5
310 360 106.5
310 311 82.5
311 361 79.5
311 312 97.5
312 362 105.5
312 313 109.5
313 363 82.5
313 314 104.5
314 364 109.5
314 315 105.5
315 365 81.5
315 316 94.5
316 366 96.5
316 317 92.5
317 367 106.5
317 318 89.5
318 368 105.5
318 319 65.5
319 369 99.5
319 320 67.5
320 370 106.5
320 321 107.5
321 371 102.5
321 322 77.5
322 372 104.5
322 323 108.5
323 373 108.5
323 324 103.5
324 374 98.5
324 325 107.5
325 375 102.5
325 326 53.5
326 376 103.5
326 327 91.5
327 377 97.5
327 328 83.5
328 378 107.5
328 329 56.5
329 379 104.5
329 330 60.5
330 380 66.5
330 331 61.5
331 381 86.5
331 332 8.5
332 382 88.5
332 333 96.5
333 383 108.5
333 334 102.5
334 384 103.5
334 335 97.5
335 385 95.5
335 336 89.5
336 386 98.5
336 337 94.5
337 387 99.5
337 338 97.5
338 388 108.5
338 339 103.5
339 389 109.5
339 340 106.5
340 390 97.5
340 341 107.5
341 391 87.5
341 342 103.5
342 392 107.5
342 343 109.5
343 393 105.5
343 344 107.5
344 394 107.5
344 345 107.5
345 395 104.5
345 346 106.5
346 396 109.5
346 347 92.5
347 397 96.5
347 348 95.5
348 398 90.5
348 349 102.5
349 399 110.5
350 400 59.5
350 351 82.5
351 401 65.5
351 352 102.5
352 402 64.5
352 353 102.5
353 403 84.5
353 354 96.5
354 404 100.5
354 355 43.5
355 405 91.5
355 356 77.5
356 406 90.5
356 357 87.5
357 407 93.5
357 358 84.5
358 408 111.5
358 359 94.5
359 409 108.5
359 360 86.5
360 410 104.5
360 361 109.5
361 411 85.5
361 362 99.5
362 412 94.5
362 363 86.5
363 413 104.5
363 364 91.5
364 414 106.5
364 365 89.5
365 415 95.5
365 366 79.5
366 416 75.5
366 367 102.5
367 417 95.5
367 368 88.5
368 418 105.5
368 369 47.5
369 419 99.5
369 370 60.5
370 420 97.5
370 371 111.5
371 421 100.5
371 372 79.5
372 422 103.5
372 373 104.5
373 423 98.5
373 374 93.5
374 424 95.5
374 375 85.5
375 425 109.5
375 376 70.5
376 426 110.5
376 377 69.5
377 427 104.5
377 378 65.5
378 428 101.5
378 379 53.5
379 429 109.5
379 380 98.5
380 430 90.5
380 381 41.5
381 431 103.5
381 382 56.5
382 432 86.5
382 383 70.5
383 433 94.5
383 384 91.5
384 434 102.5
384 385 89.5
385 435 109.5
385 386 86.5
386 436 109.5
386 387 93.5
387 437 94.5
387 388 106.5
388 438 93.5
388 389 108.5
389 439 110.5
389 390 100.5
390 440 108.5
390 391 105.5
391 441 107.5
391 392 91.5
392 442 91.5
392 393 111.5
393 443 107.5
393 394 105.5
394 444 109.5
394 395 104.5
395 445 97.5
395 396 111.5
396 446 86.5
396 397 105.5
397 447 106.5
397 398 101.5
398 448 99.5
398 399 100.5
399 449 107.5
400 450 93.5
400 401 88.5
401 451 91.5
401 402 101.5
402 452 100.5
402 403 100.5
403 453 91.5
403 404 88.5
404 454 88.5
404 405 52.5
405 455 64.5
405 406 76.5
406 456 109.5
406 407 90.5
407 457 110.5
407 408 66.5
408 458 79.5
408 409 97.5
409 459 73.5
409 410 90.5
410 460 89.5
410 411 80.5
411 461 111.5
411 412 90.5
412 462 96.5
412 413 96.5
413 463 94.5
413 414 89.5
414 464 69.5
414 415 78.5
415 465 105.5
415 416 99.5
416 466 79.5
416 417 100.5
417 467 65.5
417 418 98.5
418 468 79.5
418 419 53.5
419 469 69.5
419 420 86.5
420 470 102.5
420 421 108.5
421 471 99.5
421 422 98.5
422 472 83.5
422 423 99.5
423 473 85.5
423 424 96.5
424 474 78.5
424 425 99.5
425 475 104.5
425 426 71.5
426 476 101.5
426 427 63.5
427 477 110.5
427 428 68.5
428 478 104.5
428 429 45.5
429 479 106.5
429 430 101.5
430 480 109.5
430 431 28.5
431 481 97.5
431 432 89.5
432 482 88.5
432 433 62.5
433 483 89.5
433 434 99.5
434 484 93.5
434 435 100.5
435 485 109.5
435 436 86.5
436 486 103.5
436 437 110.5
437 487 96.5
437 438 105.5
438 488 85.5
438 439 95.5
439 489 102.5
439 440 102.5
440 490 107.5
440 441 98.5
441 491 104.5
441 442 107.5
442 492 107.5
442 443 95.5
443 493 108.5
443 444 111.5
444 494 108.5
444 445 106.5
445 495 104.5
445 446 100.5
446 496 96.5
446 447 97.5
447 497 106.5
447 448 104.5
448 498 111.5
448 449 84.5
449 499 98.5
450 500 110.5
450 451 96.5
451 501 82.5
451 452 92.5
452 502 97.5
452 453 91.5
453 503 107.5
453 454 45.5
454 504 88.5
454 455 76.5
455 505 82.5
455 456 101.5
456 506 59.5
456 457 93.5
457 507 69.5
457 458 99.5
458 508 110.5
458 459 91.5
459 509 101.5
459 460 106.5
460 510 108.5
460 461 102.5
461 511 83.5
461 462 105.5
462 512 78.5
462 463 94.5
463 513 97.5
463 464 108.5
464 514 103.5
464 465 96.5
465 515 77.5
465 466 85.5
466 516 83.5
466 467 108.5
467 517 83.5
467 468 110.5
468 518 88.5
468 469 63.5
469 519 92.5
469 470 103.5
470 520 81.5
470 471 105.5
471 521 91.5
471 472 108.5
472 522 78.5
472 473 101.5
473 523 102.5
473 474 103.5
474 524 90.5
474 475 97.5
475 525 68.5
475 476 68.5
476 526 102.5
476 477 74.5
477 527 91.5
477 478 76.5
478 528 88.5
478 479 43.5
479 529 68.5
479 480 98.5
480 530 110.5
480 481 16.5
481 531 67.5
481 482 98.5
482 532 87.5
482 483 61.5
483 533 111.5
483 484 103.5
484 534 111.5
484 485 102.5
485 535 101.5
485 486 80.5
486 536 85.5
486 487 87.5
487 537 110.5
487 488 94.5
488 538 109.5
488 489 78.5
489 539 88.5
489 490 107.5
490 540 90.5
490 491 101.5
491 541 77.5
491 492 104.5
492 542 106.5
492 493 88.5
493 543 102.5
493 494 111.5
494 544 99.5
494 495 102.5
495 545 96.5
495 496 92.5
496 546 97.5
496 497 87.5
497 547 111.5
497 498 99.5
498 548 105.5
498 499 71.5
499 549 79.5
500 550 74.5
500 501 66.5
501 551 103.5
501 502 77.5
502 552 89.5
502 503 81.5
503 553 86.5
503 504 26.5
504 554 101.5
504 505 82.5
505 555 79.5
505 506 98.5
506 556 63.5
506 507 103.5
507 557 83.5
507 508 56.5
508 558 64.5
508 509 80.5
509 559 89.5
509 510 103.5
510 560 75.5
510 511 71.5
511 561 99.5
511 512 110.5
512 562 98.5
512 513 109.5
513 563 98.5
513 514 92.5
514 564 110.5
514 515 84.5
515 565 75.5
515 516 91.5
516 566 86.5
516 517 108.5
517 567 79.5
517 518 105.5
518 568 96.5
518 519 59.5
519 569 91.5
519 520 108.5
520 570 83.5
520 521 107.5
521 571 110.5
521 522 95.5
522 572 93.5
522 523 97.5
523 573 109.5
523 524 107.5
524 574 109.5
524 525 103.5
525 575 101.5
525 526 102.5
526 576 77.5
526 527 85.5
527 577 98.5
527 528 103.5
528 578 84.5
528 529 63.5
529 579 110.5
529 530 54.5
530 580 90.5
530 531 59.5
531 581 85.5
531 532 104.5
532 582 71.5
532 533 85.5
533 583 95.5
533 534 103.5
534 584 94.5
534 535 110.5
535 585 105.5
535 536 96.5
536 586 108.5
536 537 110.5
537 587 107.5
537 538 93.5
538 588 80.5
538 539 99.5
539 589 108.5
539 540 105.5
540 590 94.5
540 541 88.5
541 591 82.5
541 542 89.5
542 592 101.5
542 543 92.5
543 593 97.5
543 544 108.5
544 594 86.5
544 545 105.5
545 595 93.5
545 546 91.5
546 596 68.5
546 547 101.5
547 597 88.5
547 548 93.5
548 598 99.5
548 549 97.5
549 599 108.5
550 600 106.5
550 551 95.5
551 601 83.5
551 552 91.5
552 602 106.5
552 553 84.5
553 603 93.5
553 554 61.5
554 604 89.5
554 555 98.5
555 605 104.5
555 556 82.5
556 606 110.5
556 557 99.5
557 607 81.5
557 558 75.5
558 608 98.5
558 559 105.5
559 609 75.5
559 560 105.5
560 610 86.5
560 561 95.5
561 611 102.5
561 562 85.5
562 612 96.5
562 563 87.5
563 613 89.5
563 564 80.5
564 614 86.5
564 565 101.5
565 615 105.5
565 566 80.5
566 616 100.5
566 567 107.5
567 617 85.5
567 568 100.5
568 618 91.5
568 569 94.5
569 619 111.5
569 570 100.5
570 620 106.5
570 571 80.5
571 621 90.5
571 572 108.5
572 622 86.5
572 573 109.5
573 623 108.5
573 574 103.5
574 624 108.5
574 575 107.5
575 625 93.5
575 576 76.5
576 626 81.5
576 577 90.5
577 627 101.5
577 578 105.5
578 628 106.5
578 579 89.5
579 629 84.5
579 580 76.5
580 630 110.5
580 581 106.5
581 631 101.5
581 582 104.5
582 632 97.5
582 583 109.5
583 633 107.5
583 584 70.5
584 634 88.5
584 585 89.5
585 635 76.5
585 586 99.5
586 636 85.5
586 587 105.5
587 637 111.5
587 588 94.5
588 638 94.5
588 589 95.5
589 639 109.5
589 590 91.5
590 640 110.5
590 591 100.5
591 641 101.5
591 592 94.5
592 642 100.5
592 593 96.5
593 643 109.5
593 594 97.5
594 644 106.5
594 595 98.5
595 645 110.5
595 596 106.5
596 646 100.5
596 597 101.5
597 647 103.5
597 598 104.5
598 648 100.5
598 599 82.5
599 649 109.5
600 650 102.5
600 601 104.5
601 651 82.5
601 602 98.5
602 652 67.5
602 603 97.5
603 653 85.5
603 604 101.5
604 654 82.5
604 605 69.5
605 655 85.5
605 606 88.5
606 656 79.5
606 607 68.5
607 657 92.5
607 608 92.5
608 658 111.5
608 609 94.5
609 659 105.5
609 610 94.5
610 660 74.5
610 611 79.5
611 661 75.5
611 612 79.5
612 662 100.5
612 613 94.5
613 663 86.5
613 614 77.5
614 664 78.5
614 615 102.5
615 665 102.5
615 616 63.5
616 666 100.5
616 617 70.5
617 667 99.5
617 618 94.5
618 668 86.5
618 619 108.5
619 669 105.5
619 620 105.5
620 670 99.5
620 621 64.5
621 671 108.5
621 622 104.5
622 672 111.5
622 623 87.5
623 673 111.5
623 624 103.5
624 674 94.5
624 625 92.5
625 675 88.5
625 626 88.5
626 676 60.5
626 627 110.5
627 677 105.5
627 628 110.5
628 678 86.5
628 629 67.5
629 679 95.5
629 630 104.5
630 680 88.5
630 631 97.5
631 681 94.5
631 632 108.5
632 682 95.5
632 633 99.5
633 683 101.5
633 634 97.5
634 684 98.5
634 635 77.5
635 685 86.5
635 636 108.5
636 686 98.5
636 637 79.5
637 687 85.5
637 638 77.5
638 688 77.5
638 639 76.5
639 689 107.5
639 640 88.5
640 690 104.5
640 641 109.5
641 691 104.5
641 642 95.5
642 692 101.5
642 643 105.5
643 693 103.5
643 644 90.5
644 694 88.5
644 645 92.5
645 695 99.5
645 646 94.5
646 696 86.5
646 647 82.5
647 697 86.5
647 648 107.5
648 698 91.5
648 649 91.5
649 699 92.5
650 700 93.5
650 651 84.5
651 701 96.5
651 652 109.5
652 702 85.5
652 653 107.5
653 703 79.5
653 654 104.5
654 704 77.5
654 655 66.5
655 705 50.5
655 656 94.5
656 706 46.5
656 657 81.5
657 707 88.5
657 658 111.5
658 708 89.5
658 659 100.5
659 709 104.5
659 660 85.5
660 710 102.5
660 661 78.5
661 711 80.5
661 662 104.5
662 712 108.5
662 663 108.5
663 713 110.5
663 664 69.5
664 714 96.5
664 665 78.5
665 715 75.5
665 666 65.5
666 716 48.5
666 667 69.5
667 717 96.5
667 668 57.5
668 718 75.5
668 669 95.5
669 719 62.5
669 670 99.5
670 720 73.5
670 671 73.5
671 721 107.5
671 672 107.5
672 722 102.5
672 673 87.5
673 723 106.5
673 674 102.5
674 724 100.5
674 675 86.5
675 725 102.5
675 676 106.5
676 726 102.5
676 677 67.5
677 727 93.5
677 678 81.5
678 728 108.5
678 679 58.5
679 729 69.5
679 680 111.5
680 730 77.5
680 681 103.5
681 731 89.5
681 682 107.5
682 732 73.5
682 683 93.5
683 733 103.5
683 684 94.5
684 734 111.5
684 685 89.5
685 735 88.5
685 686 96.5
686 736 108.5
686 687 66.5
687 737 108.5
687 688 85.5
688 738 85.5
688 689 108.5
689 739 91.5
689 690 99.5
690 740 105.5
690 691 109.5
691 741 90.5
691 692 110.5
692 742 99.5
692 693 107.5
693 743 110.5
693 694 105.5
694 744 86.5
694 695 103.5
695 745 109.5
695 696 107.5
696 746 96.5
696 697 82.5
697 747 106.5
697 698 102.5
698 748 109.5
698 699 92.5
699 749 90.5
700 750 55.5
700 701 105.5
701 751 64.5
701 702 68.5
702 752 102.5
702 703 109.5
703 753 100.5
703 704 106.5
704 754 85.5
704 705 93.5
705 755 60.5
705 706 98.5
706 756 52.5
706 707 99.5
707 757 72.5
707 708 110.5
708 758 57.5
708 709 107.5
709 759 61.5
709 710 101.5
710 760 97.5
710 711 104.5
711 761 96.5
711 712 90.5
712 762 106.5
712 713 106.5
713 763 94.5
713 714 55.5
714 764 102.5
714 715 99.5
715 765 108.5
715 716 92.5
716 766 85.5
716 717 105.5
717 767 93.5
717 718 78.5
718 768 49.5
718 719 82.5
719 769 64.5
719 720 110.5
720 770 89.5
720 721 107.5
721 771 104.5
721 722 110.5
722 772 107.5
722 723 101.5
723 773 93.5
723 724 96.5
724 774 97.5
724 725 106.5
725 775 99.5
725 726 106.5
726 776 98.5
726 727 94.5
727 777 86.5
727 728 66.5
728 778 62.5
728 729 103.5
729 779 79.5
729 730 103.5
730 780 78.5
730 731 63.5
731 781 92.5
731 732 91.5
732 782 99.5
732 733 99.5
733 783 109.5
733 734 86.5
734 784 92.5
734 735 110.5
735 785 104.5
735 736 76.5
736 786 102.5
736 737 72.5
737 787 82.5
737 738 108.5
738 788 93.5
738 739 62.5
739 789 95.5
739 740 97.5
740 790 108.5
740 741 94.5
741 791 100.5
741 742 101.5
742 792 102.5
742 743 96.5
743 793 111.5
743 744 91.5
744 794 99.5
744 745 92.5
745 795 111.5
745 746 98.5
746 796 105.5
746 747 102.5
747 797 94.5
747 748 109.5
748 798 106.5
748 749 69.5
749 799 101.5
750 800 97.5
750 751 96.5
751 801 89.5
751 752 98.5
752 802 102.5
752 753 89.5
753 803 109.5
753 754 101.5
754 804 107.5
754 755 104.5
755 805 90.5
755 756 106.5
756 806 99.5
756 757 79.5
757 807 109.5
757 758 97.5
758 808 110.5
758 759 103.5
759 809 109.5
759 760 85.5
760 810 80.5
760 761 103.5
761 811 98.5
761 762 80.5
762 812 80.5
762 763 104.5
763 813 90.5
763 764 63.5
764 814 103.5
764 765 93.5
765 815 95.5
765 766 107.5
766 816 100.5
766 767 97.5
767 817 102.5
767 768 100.5
768 818 108.5
768 769 97.5
769 819 91.5
769 770 87.5
770 820 93.5
770 771 78.5
771 821 109.5
771 772 101.5
772 822 89.5
772 773 107.5
773 823 88.5
773 774 100.5
774 824 85.5
774 775 90.5
775 825 85.5
775 776 107.5
776 826 92.5
776 777 90.5
777 827 97.5
777 778 90.5
778 828 80.5
778 779 102.5
779 829 65.5
779 780 102.5
780 830 58.5
780 781 77.5
781 831 105.5
781 782 98.5
782 832 89.5
782 783 89.5
783 833 111.5
783 784 103.5
784 834 97.5
784 785 98.5
785 835 107.5
785 786 74.5
786 836 82.5
786 787 92.5
787 837 111.5
787 788 97.5
788 838 78.5
788 789 64.5
789 839 93.5
789 790 84.5
790 840 102.5
790 791 80.5
791 841 93.5
791 792 99.5
792 842 105.5
792 793 87.5
793 843 107.5
793 794 79.5
794 844 92.5
794 795 80.5
795 845 106.5
795 796 92.5
796 846 99.5
796 797 97.5
797 847 107.5
797 798 101.5
798 848 103.5
798 799 84.5
799 849 90.5
800 850 105.5
800 801 88.5
801 851 82.5
801 802 93.5
802 852 97.5
802 803 100.5
803 853 100.5
803 804 103.5
804 854 87.5
804 805 101.5
805 855 63.5
805 806 107.5
806 856 82.5
806 807 93.5
807 857 108.5
807 808 98.5
808 858 110.5
808 809 100.5
809 859 107.5
809 810 104.5
810 860 107.5
810 811 101.5
811 861 96.5
811 812 98.5
812 862 69.5
812 813 108.5
813 863 108.5
813 814 92.5
814 864 86.5
814 815 85.5
815 865 98.5
815 816 102.5
816 866 101.5
816 817 105.5
817 867 109.5
817 818 110.5
818 868 90.5
818 819 108.5
819 869 97.5
819 820 89.5
820 870 88.5
820 821 94.5
821 871 71.5
821 822 77.5
822 872 72.5
822 823 106.5
823 873 94.5
823 824 97.5
824 874 99.5
824 825 90.5
825 875 89.5
825 826 108.5
826 876 98.5
826 827 95.5
827 877 111.5
827 828 107.5
828 878 99.5
828 829 105.5
829 879 92.5
829 830 95.5
830 880 110.5
830 831 86.5
831 881 104.5
831 832 108.5
832 882 111.5
832 833 111.5
833 883 99.5
833 834 89.5
834 884 84.5
834 835 108.5
835 885 76.5
835 836 99.5
836 886 108.5
836 837 101.5
837 887 109.5
837 838 92.5
838 888 82.5
838 839 107.5
839 889 80.5
839 840 111.5
840 890 107.5
840 841 89.5
841 891 103.5
841 842 111.5
842 892 105.5
842 843 97.5
843 893 98.5
843 844 94.5
844 894 75.5
844 845 104.5
845 895 110.5
845 846 85.5
846 896 100.5
846 847 89.5
847 897 99.5
847 848 109.5
848 898 98.5
848 849 109.5
849 899 109.5
850 900 111.5
850 851 111.5
851 901 99.5
851 852 108.5
852 902 110.5
852 853 97.5
853 903 105.5
853 854 106.5
854 904 93.5
854 855 77.5
855 905 53.5
855 856 88.5
856 906 93.5
856 857 97.5
857 907 96.5
857 858 102.5
858 908 92.5
858 859 97.5
859 909 96.5
859 860 104.5
860 910 87.5
860 861 102.5
861 911 96.5
861 862 97.5
862 912 56.5
862 863 63.5
863 913 77.5
863 864 108.5
864 914 99.5
864 865 99.5
865 915 96.5
865 866 105.5
866 916 110.5
866 867 109.5
867 917 87.5
867 868 93.5
868 918 78.5
868 869 101.5
869 919 99.5
869 870 98.5
870 920 97.5
870 871 111.5
871 921 87.5
871 872 78.5
872 922 65.5
872 873 94.5
873 923 101.5
873 874 102.5
874 924 97.5
874 875 100.5
875 925 103.5
875 876 99.5
876 926 88.5
876 877 108.5
877 927 107.5
877 878 95.5
878 928 72.5
878 879 110.5
879 929 89.5
879 880 77.5
880 930 87.5
880 881 80.5
881 931 109.5
881 882 107.5
882 932 106.5
882 883 99.5
883 933 86.5
883 884 104.5
884 934 95.5
884 885 106.5
885 935 85.5
885 886 85.5
886 936 88.5
886 887 96.5
887 937 99.5
887 888 65.5
888 938 81.5
888 889 47.5
889 939 101.5
889 890 84.5
890 940 107.5
890 891 101.5
891 941 107.5
891 892 109.5
892 942 111.5
892 893 106.5
893 943 100.5
893 894 105.5
894 944 89.5
894 895 83.5
895 945 98.5
895 896 73.5
896 946 72.5
896 897 90.5
897 947 91.5
897 898 84.5
898 948 109.5
898 899 94.5
899 949 103.5
900 950 110.5
900 901 99.5
901 951 89.5
901 902 101.5
902 952 101.5
902 903 104.5
903 953 104.5
903 904 104.5
904 954 90.5
904 905 105.5
905 955 110.5
905 906 94.5
906 956 95.5
906 907 92.5
907 957 92.5
907 908 68.5
908 958 61.5
908 909 93.5
909 959 68.5
909 910 95.5
910 960 90.5
910 911 111.5
911 961 80.5
911 912 55.5
912 962 98.5
912 913 84.5
913 963 101.5
913 914 68.5
914 964 105.5
914 915 96.5
915 965 107.5
915 916 101.5
916 966 106.5
916 917 88.5
917 967 103.5
917 918 84.5
918 968 76.5
918 919 56.5
919 969 99.5
919 920 96.5
920 970 99.5
920 921 101.5
921 971 88.5
921 922 100.5
922 972 98.5
922 923 92.5
923 973 100.5
923 924 78.5
924 974 79.5
924 925 94.5
925 975 74.5
925 926 68.5
926 976 89.5
926 927 89.5
927 977 94.5
927 928 84.5
928 978 91.5
928 929 93.5
929 979 109.5
929 930 99.5
930 980 103.5
930 931 106.5
931 981 111.5
931 932 108.5
932 982 104.5
932 933 69.5
933 983 93.5
933 934 95.5
934 984 104.5
934 935 96.5
935 985 101.5
935 936 82.5
936 986 67.5
936 937 91.5
937 987 65.5
937 938 83.5
938 988 110.5
938 939 87.5
939 989 84.5
939 940 98.5
940 990 91.5
940 941 109.5
941 991 107.5
941 942 105.5
942 992 105.5
942 943 95.5
943 993 85.5
943 944 84.5
944 994 93.5
944 945 92.5
945 995 95.5
945 946 97.5
946 996 83.5
946 947 109.5
947 997 83.5
947 948 106.5
948 998 86.5
948 949 104.5
949 999 88.5
950 1000 106.5
950 951 76.5
951 1001 82.5
951 952 69.5
952 1002 105.5
952 953 107.5
953 1003 96.5
953 954 76.5
954 1004 94.5
954 955 95.5
955 1005 89.5
955 956 79.5
956 1006 100.5
956 957 89.5
957 1007 62.5
957 958 99.5
958 1008 76.5
958 959 100.5
959 1009 75.5
959 960 73.5
960 1010 97.5
960 961 101.5
961 1011 98.5
961 962 73.5
962 1012 73.5
962 963 107.5
963 1013 62.5
963 964 72.5
964 1014 91.5
964 965 106.5
965 1015 110.5
965 966 100.5
966 1016 106.5
966 967 91.5
967 1017 109.5
967 968 111.5
968 1018 101.5
968 969 79.5
969 1019 96.5
969 970 102.5
970 1020 74.5
970 971 110.5
971 1021 68.5
971 972 110.5
972 1022 65.5
972 973 106.5
973 1023 68.5
973 974 99.5
974 1024 70.5
974 975 89.5
975 1025 68.5
975 976 95.5
976 1026 105.5
976 977 94.5
977 1027 109.5
977 978 87.5
978 1028 96.5
978 979 111.5
979 1029 87.5
979 980 93.5
980 1030 106.5
980 981 108.5
981 1031 104.5
981 982 107.5
982 1032 80.5
982 983 94.5
983 1033 85.5
983 984 106.5
984 1034 97.5
984 985 79.5
985 1035 84.5
985 986 106.5
986 1036 71.5
986 987 93.5
987 1037 89.5
987 988 94.5
988 1038 107.5
988 989 59.5
989 1039 88.5
989 990 91.5
990 1040 90.5
990 991 89.5
991 1041 100.5
991 992 107.5
992 1042 87.5
992 993 107.5
993 1043 97.5
993 994 92.5
994 1044 97.5
994 995 96.5
995 1045 84.5
995 996 85.5
996 1046 96.5
996 997 109.5
997 1047 74.5
997 998 109.5
998 1048 92.5
998 999 102.5
999 1049 104.5
1000 1050 101.5
1000 1001 100.5
1001 1051 89.5
1001 1002 104.5
1002 1052 98.5
1002 1003 86.5
1003 1053 101.5
1003 1004 78.5
1004 1054 93.5
1004 1005 90.5
1005 1055 92.5
1005 1006 110.5
1006 1056 109.5
1006 1007 95.5
1007 1057 105.5
1007 1008 109.5
1008 1058 100.5
1008 1009 101.5
1009 1059 110.5
1009 1010 95.5
1010 1060 107.5
1010 1011 100.5
1011 1061 103.5
1011 1012 98.5
1012 1062 81.5
1012 1013 104.5
1013 1063 88.5
1013 1014 101.5
1014 1064 102.5
1014 1015 97.5
1015 1065 96.5
1015 1016 104.5
1016 1066 107.5
1016 1017 94.5
1017 1067 103.5
1017 1018 99.5
1018 1068 109.5
1018 1019 104.5
1019 1069 101.5
1019 1020 80.5
1020 1070 105.5
1020 1021 104.5
1021 1071 76.5
1021 1022 107.5
1022 1072 68.5
1022 1023 103.5
1023 1073 76.5
1023 1024 101.5
1024 1074 78.5
1024 1025 91.5
1025 1075 77.5
1025 1026 90.5
1026 1076 92.5
1026 1027 90.5
1027 1077 108.5
1027 1028 74.5
1028 1078 105.5
1028 1029 102.5
1029 1079 95.5
1029 1030 74.5
1030 1080 96.5
1030 1031 106.5
1031 1081 89.5
1031 1032 83.5
1032 1082 83.5
1032 1033 99.5
1033 1083 78.5
1033 1034 94.5
1034 1084 96.5
1034 1035 102.5
1035 1085 98.5
1035 1036 103.5
1036 1086 109.5
1036 1037 111.5
1037 1087 97.5
1037 1038 110.5
1038 1088 99.5
1038 1039 86.5
1039 1089 85.5
1039 1040 93.5
1040 1090 99.5
1040 1041 99.5
1041 1091 106.5
1041 1042 102.5
1042 1092 86.5
1042 1043 105.5
1043 1093 105.5
1043 1044 102.5
1044 1094 104.5
1044 1045 83.5
1045 1095 110.5
1045 1046 95.5
1046 1096 105.5
1046 1047 91.5
1047 1097 109.5
1047 1048 91.5
1048 1098 91.5
1048 1049 94.5
1049 1099 70.5
1050 1100 102.5
1050 1051 110.5
1051 1101 92.5
1051 1052 83.5
1052 1102 93.5
1052 1053 83.5
1053 1103 92.5
1053 1054 106.5
1054 1104 98.5
1054 1055 89.5
1055 1105 87.5
1055 1056 93.5
1056 1106 99.5
1056 1057 87.5
1057 1107 91.5
1057 1058 108.5
1058 1108 105.5
1058 1059 91.5
1059 1109 99.5
1059 1060 100.5
1060 1110 97.5
1060 1061 110.5
1061 1111 101.5
1061 1062 102.5
1062 1112 106.5
1062 1063 111.5
1063 1113 103.5
1063 1064 89.5
1064 1114 105.5
1064 1065 91.5
1065 1115 99.5
1065 1066 107.5
1066 1116 93.5
1066 1067 98.5
1067 1117 108.5
1067 1068 109.5
1068 1118 99.5
1068 1069 110.5
1069 1119 107.5
1069 1070 96.5
1070 1120 96.5
1070 1071 89.5
1071 1121 83.5
1071 1072 107.5
1072 1122 95.5
1072 1073 111.5
1073 1123 110.5
1073 1074 99.5
1074 1124 105.5
1074 1075 90.5
1075 1125 109.5
1075 1076 105.5
1076 1126 100.5
1076 1077 110.5
1077 1127 100.5
1077 1078 83.5
1078 1128 100.5
1078 1079 110.5
1079 1129 102.5
1079 1080 75.5
1080 1130 76.5
1080 1081 109.5
1081 1131 69.5
1081 1082 89.5
1082 1132 92.5
1082 1083 104.5
1083 1133 106.5
1083 1084 110.5
1084 1134 104.5
1084 1085 104.5
1085 1135 109.5
1085 1086 104.5
1086 1136 101.5
1086 1087 99.5
1087 1137 92.5
1087 1088 110.5
1088 1138 101.5
1088 1089 100.5
1089 1139 88.5
1089 1090 107.5
1090 1140 97.5
1090 1091 106.5
1091 1141 110.5
1091 1092 100.5
1092 1142 101.5
1092 1093 98.5
1093 1143 108.5
1093 1094 107.5
1094 1144 100.5
1094 1095 77.5
1095 1145 91.5
1095 1096 90.5
1096 1146 85.5
1096 1097 95.5
1097 1147 101.5
1097 1098 109.5
1098 1148 98.5
1098 1099 107.5
1099 1149 89.5
1100 1150 90.5
1100 1101 84.5
1101 1151 99.5
1101 1102 102.5
1102 1152 103.5
1102 1103 102.5
1103 1153 111.5
1103 1104 110.5
1104 1154 107.5
1104 1105 100.5
1105 1155 100.5
1105 1106 105.5
1106 1156 86.5
1106 1107 103.5
1107 1157 92.5
1107 1108 94.5
1108 1158 84.5
1108 1109 85.5
1109 1159 82.5
1109 1110 102.5
1110 1160 103.5
1110 1111 106.5
1111 1161 110.5
1111 1112 97.5
1112 1162 100.5
1112 1113 108.5
1113 1163 105.5
1113 1114 91.5
1114 1164 94.5
1114 1115 109.5
1115 1165 79.5
1115 1116 101.5
1116 1166 88.5
1116 1117 109.5
1117 1167 102.5
1117 1118 94.5
1118 1168 77.5
1118 1119 102.5
1119 1169 81.5
1119 1120 107.5
1120 1170 91.5
1120 1121 76.5
1121 1171 93.5
1121 1122 103.5
1122 1172 98.5
1122 1123 94.5
1123 1173 105.5
1123 1124 94.5
1124 1174 83.5
1124 1125 86.5
1125 1175 79.5
1125 1126 92.5
1126 1176 102.5
1126 1127 88.5
1127 1177 103.5
1127 1128 105.5
1128 1178 106.5
1128 1129 110.5
1129 1179 100.5
1129 1130 103.5
1130 1180 90.5
1130 1131 106.5
1131 1181 93.5
1131 1132 110.5
1132 1182 90.5
1132 1133 104.5
1133 1183 83.5
1133 1134 108.5
1134 1184 65.5
1134 1135 99.5
1135 1185 74.5
1135 1136 106.5
1136 1186 100.5
1136 1137 108.5
1137 1187 103.5
1137 1138 103.5
1138 1188 107.5
1138 1139 89.5
1139 1189 98.5
1139 1140 106.5
1140 1190 109.5
1140 1141 93.5
1141 1191 103.5
1141 1142 109.5
1142 1192 91.5
1142 1143 105.5
1143 1193 102.5
1143 1144 99.5
1144 1194 103.5
1144 1145 86.5
1145 1195 104.5
1145 1146 84.5
1146 1196 88.5
1146 1147 111.5
1147 1197 95.5
1147 1148 110.5
1148 1198 103.5
1148 1149 98.5
1149 1199 99.5
1150 1200 99.5
1150 1151 93.5
1151 1201 98.5
1151 1152 82.5
1152 1202 99.5
1152 1153 94.5
1153 1203 101.5
1153 1154 106.5
1154 1204 99.5
1154 1155 107.5
1155 1205 87.5
1155 1156 91.5
1156 1206 90.5
1156 1157 97.5
1157 1207 100.5
1157 1158 86.5
1158 1208 87.5
1158 1159 87.5
1159 1209 108.5
1159 1160 99.5
1160 1210 102.5
1160 1161 109.5
1161 1211 98.5
1161 1162 109.5
1162 1212 94.5
1162 1163 109.5
1163 1213 101.5
1163 1164 108.5
1164 1214 110.5
1164 1165 98.5
1165 1215 100.5
1165 1166 110.5
1166 1216 92.5
1166 1167 95.5
1167 1217 101.5
1167 1168 103.5
1168 1218 107.5
1168 1169 106.5
1169 1219 98.5
1169 1170 105.5
1170 1220 108.5
1170 1171 74.5
1171 1221 85.5
1171 1172 108.5
1172 1222 69.5
1172 1173 109.5
1173 1223 82.5
1173 1174 106.5
1174 1224 81.5
1174 1175 82.5
1175 1225 61.5
1175 1176 107.5
1176 1226 61.5
1176 1177 71.5
1177 1227 83.5
1177 1178 108.5
1178 1228 81.5
1178 1179 104.5
1179 1229 75.5
1179 1180 93.5
1180 1230 106.5
1180 1181 109.5
1181 1231 97.5
1181 1182 109.5
1182 1232 107.5
1182 1183 111.5
1183 1233 104.5
1183 1184 90.5
1184 1234 96.5
1184 1185 90.5
1185 1235 80.5
1185 1186 80.5
1186 1236 42.5
1186 1187 95.5
1187 1237 41.5
1187 1188 99.5
1188 1238 77.5
1188 1189 72.5
1189 1239 102.5
1189 1190 95.5
1190 1240 77.5
1190 1191 99.5
1191 1241 103.5
1191 1192 101.5
1192 1242 79.5
1192 1193 88.5
1193 1243 90.5
1193 1194 98.5
1194 1244 106.5
1194 1195 101.5
1195 1245 110.5
1195 1196 68.5
1196 1246 92.5
1196 1197 104.5
1197 1247 87.5
1197 1198 104.5
1198 1248 105.5
1198 1199 104.5
1199 1249 108.5
1200 1250 78.5
1200 1201 104.5
1201 1251 85.5
1201 1202 107.5
1202 1252 96.5
1202 1203 106.5
1203 1253 96.5
1203 1204 104.5
1204 1254 96.5
1204 1205 103.5
1205 1255 107.5
1205 1206 88.5
1206 1256 88.5
1206 1207 107.5
1207 1257 87.5
1207 1208 99.5
1208 1258 78.5
1208 1209 108.5
1209 1259 110.5
1209 1210 93.5
1210 1260 90.5
1210 1211 105.5
1211 1261 97.5
1211 1212 109.5
1212 1262 105.5
1212 1213 102.5
1213 1263 110.5
1213 1214 99.5
1214 1264 105.5
1214 1215 108.5
1215 1265 88.5
1215 1216 104.5
1216 1266 91.5
1216 1217 104.5
1217 1267 109.5
1217 1218 97.5
1218 1268 100.5
1218 1219 107.5
1219 1269 85.5
1219 1220 107.5
1220 1270 85.5
1220 1221 103.5
1221 1271 104.5
1221 1222 92.5
1222 1272 109.5
1222 1223 96.5
1223 1273 98.5
1223 1224 107.5
1224 1274 104.5
1224 1225 102.5
1225 1275 94.5
1225 1226 107.5
1226 1276 102.5
1226 1227 93.5
1227 1277 57.5
1227 1228 106.5
1228 1278 56.5
1228 1229 98.5
1229 1279 84.5
1229 1230 98.5
1230 1280 84.5
1230 1231 94.5
1231 1281 88.5
1231 1232 91.5
1232 1282 99.5
1232 1233 108.5
1233 1283 85.5
1233 1234 110.5
1234 1284 61.5
1234 1235 86.5
1235 1285 54.5
1235 1236 104.5
1236 1286 56.5
1236 1237 96.5
1237 1287 88.5
1237 1238 87.5
1238 1288 101.5
1238 1239 107.5
1239 1289 96.5
1239 1240 70.5
1240 1290 109.5
1240 1241 97.5
1241 1291 110.5
1241 1242 97.5
1242 1292 89.5
1242 1243 99.5
1243 1293 109.5
1243 1244 72.5
1244 1294 106.5
1244 1245 97.5
1245 1295 110.5
1245 1246 88.5
1246 1296 95.5
1246 1247 99.5
1247 1297 81.5
1247 1248 100.5
1248 1298 91.5
1248 1249 107.5
1249 1299 98.5
1250 1300 106.5
1250 1251 111.5
1251 1301 108.5
1251 1252 104.5
1252 1302 100.5
1252 1253 106.5
1253 1303 97.5
1253 1254 88.5
1254 1304 87.5
1254 1255 84.5
1255 1305 102.5
1255 1256 107.5
1256 1306 105.5
1256 1257 106.5
1257 1307 103.5
1257 1258 108.5
1258 1308 81.5
1258 1259 80.5
1259 1309 39.5
1259 1260 71.5
1260 1310 78.5
1260 1261 110.5
1261 1311 105.5
1261 1262 105.5
1262 1312 85.5
1262 1263 97.5
1263 1313 106.5
1263 1264 104.5
1264 1314 111.5
1264 1265 97.5
1265 1315 109.5
1265 1266 107.5
1266 1316 103.5
1266 1267 96.5
1267 1317 107.5
1267 1268 110.5
1268 1318 96.5
1268 1269 92.5
1269 1319 94.5
1269 1270 107.5
1270 1320 107.5
1270 1271 100.5
1271 1321 105.5
1271 1272 87.5
1272 1322 100.5
1272 1273 85.5
1273 1323 103.5
1273 1274 109.5
1274 1324 104.5
1274 1275 96.5
1275 1325 84.5
1275 1276 89.5
1276 1326 98.5
1276 1277 84.5
1277 1327 78.5
1277 1278 107.5
1278 1328 93.5
1278 1279 70.5
1279 1329 105.5
1279 1280 98.5
1280 1330 101.5
1280 1281 98.5
1281 1331 93.5
1281 1282 80.5
1282 1332 89.5
1282 1283 100.5
1283 1333 107.5
1283 1284 86.5
1284 1334 87.5
1284 1285 93.5
1285 1335 84.5
1285 1286 102.5
1286 1336 99.5
1286 1287 94.5
1287 1337 92.5
1287 1288 102.5
1288 1338 69.5
1288 1289 110.5
1289 1339 51.5
1289 1290 53.5
1290 1340 77.5
1290 1291 96.5
1291 1341 100.5
1291 1292 102.5
1292 1342 102.5
1292 1293 79.5
1293 1343 98.5
1293 1294 79.5
1294 1344 71.5
1294 1295 101.5
1295 1345 87.5
1295 1296 71.5
1296 1346 77.5
1296 1297 109.5
1297 1347 55.5
1297 1298 110.5
1298 1348 81.5
1298 1299 74.5
1299 1349 104.5
1300 1350 62.5
1300 1301 109.5
1301 1351 94.5
1301 1302 90.5
1302 1352 95.5
1302 1303 81.5
1303 1353 103.5
1303 1304 98.5
1304 1354 100.5
1304 1305 105.5
1305 1355 109.5
1305 1306 100.5
1306 1356 103.5
1306 1307 104.5
1307 1357 107.5
1307 1308 92.5
1308 1358 100.5
1308 1309 100.5
1309 1359 79.5
1309 1310 110.5
1310 1360 58.5
1310 1311 71.5
1311 1361 89.5
1311 1312 85.5
1312 1362 110.5
1312 1313 94.5
1313 1363 103.5
1313 1314 99.5
1314 1364 106.5
1314 1315 99.5
1315 1365 102.5
1315 1316 109.5
1316 1366 93.5
1316 1317 108.5
1317 1367 99.5
1317 1318 101.5
1318 1368 106.5
1318 1319 98.5
1319 1369 105.5
1319 1320 102.5
1320 1370 102.5
1320 1321 110.5
1321 1371 106.5
1321 1322 92.5
1322 1372 105.5
1322 1323 104.5
1323 1373 93.5
1323 1324 110.5
1324 1374 82.5
1324 1325 76.5
1325 1375 73.5
1325 1326 75.5
1326 1376 110.5
1326 1327 104.5
1327 1377 98.5
1327 1328 100.5
1328 1378 97.5
1328 1329 82.5
1329 1379 105.5
1329 1330 102.5
1330 1380 108.5
1330 1331 106.5
1331 1381 108.5
1331 1332 76.5
1332 1382 107.5
1332 1333 82.5
1333 1383 101.5
1333 1334 106.5
1334 1384 90.5
1334 1335 90.5
1335 1385 107.5
1335 1336 81.5
1336 1386 81.5
1336 1337 101.5
1337 1387 104.5
1337 1338 97.5
1338 1388 107.5
1338 1339 94.5
1339 1389 94.5
1339 1340 75.5
1340 1390 92.5
1340 1341 81.5
1341 1391 109.5
1341 1342 100.5
1342 1392 98.5
1342 1343 101.5
1343 1393 95.5
1343 1344 90.5
1344 1394 81.5
1344 1345 105.5
1345 1395 84.5
1345 1346 81.5
1346 1396 105.5
1346 1347 91.5
1347 1397 103.5
1347 1348 84.5
1348 1398 91.5
1348 1349 111.5
1349 1399 94.5
1350 1400 85.5
1350 1351 81.5
1351 1401 105.5
1351 1352 99.5
1352 1402 85.5
1352 1353 105.5
1353 1403 98.5
1353 1354 95.5
1354 1404 97.5
1354 1355 104.5
1355 1405 102.5
1355 1356 94.5
1356 1406 92.5
1356 1357 108.5
1357 1407 76.5
1357 1358 107.5
1358 1408 80.5
1358 1359 101.5
1359 1409 81.5
1359 1360 91.5
1360 1410 100.5
1360 1361 102.5
1361 1411 104.5
1361 1362 108.5
1362 1412 89.5
1362 1363 87.5
1363 1413 76.5
1363 1364 96.5
1364 1414 85.5
1364 1365 109.5
1365 1415 92.5
1365 1366 100.5
1366 1416 101.5
1366 1367 108.5
1367 1417 101.5
1367 1368 94.5
1368 1418 98.5
1368 1369 97.5
1369 1419 102.5
1369 1370 105.5
1370 1420 110.5
1370 1371 108.5
1371 1421 101.5
1371 1372 103.5
1372 1422 101.5
1372 1373 92.5
1373 1423 95.5
1373 1374 101.5
1374 1424 92.5
1374 1375 85.5
1375 1425 96.5
1375 1376 108.5
1376 1426 107.5
1376 1377 106.5
1377 1427 97.5
1377 1378 101.5
1378 1428 97.5
1378 1379 90.5
1379 1429 107.5
1379 1380 99.5
1380 1430 104.5
1380 1381 100.5
1381 1431 106.5
1381 1382 77.5
1382 1432 111.5
1382 1383 96.5
1383 1433 94.5
1383 1384 105.5
1384 1434 97.5
1384 1385 107.5
1385 1435 87.5
1385 1386 107.5
1386 1436 103.5
1386 1387 98.5
1387 1437 104.5
1387 1388 94.5
1388 1438 108.5
1388 1389 107.5
1389 1439 97.5
1389 1390 111.5
1390 1440 97.5
1390 1391 98.5
1391 1441 101.5
1391 1392 111.5
1392 1442 46.5
1392 1393 92.5
1393 1443 55.5
1393 1394 104.5
1394 1444 72.5
1394 1395 108.5
1395 1445 90.5
1395 1396 108.5
1396 1446 91.5
1396 1397 105.5
1397 1447 48.5
1397 1398 110.5
1398 1448 68.5
1398 1399 108.5
1399 1449 76.5
1400 1450 82.5
1400 1401 109.5
1401 1451 109.5
1401 1402 67.5
1402 1452 76.5
1402 1403 104.5
1403 1453 75.5
1403 1404 96.5
1404 1454 97.5
1404 1405 109.5
1405 1455 105.5
1405 1406 100.5
1406 1456 105.5
1406 1407 98.5
1407 1457 106.5
1407 1408 103.5
1408 1458 100.5
1408 1409 102.5
1409 1459 100.5
1409 1410 110.5
1410 1460 111.5
1410 1411 106.5
1411 1461 104.5
1411 1412 93.5
1412 1462 106.5
1412 1413 100.5
1413 1463 101.5
1413 1414 105.5
1414 1464 85.5
1414 1415 106.5
1415 1465 85.5
1415 1416 109.5
1416 1466 98.5
1416 1417 88.5
1417 1467 103.5
1417 1418 91.5
1418 1468 107.5
1418 1419 93.5
1419 1469 110.5
1419 1420 107.5
1420 1470 110.5
1420 1421 105.5
1421 1471 108.5
1421 1422 103.5
1422 1472 100.5
1422 1423 98.5
1423 1473 100.5
1423 1424 104.5
1424 1474 100.5
1424 1425 89.5
1425 1475 93.5
1425 1426 103.5
1426 1476 100.5
1426 1427 96.5
1427 1477 95.5
1427 1428 101.5
1428 1478 89.5
1428 1429 100.5
1429 1479 81.5
1429 1430 102.5
1430 1480 91.5
1430 1431 98.5
1431 1481 95.5
1431 1432 82.5
1432 1482 84.5
1432 1433 109.5
1433 1483 91.5
1433 1434 86.5
1434 1484 93.5
1434 1435 105.5
1435 1485 103.5
1435 1436 83.5
1436 1486 107.5
1436 1437 83.5
1437 1487 107.5
1437 1438 98.5
1438 1488 111.5
1438 1439 98.5
1439 1489 108.5
1439 1440 83.5
1440 1490 103.5
1440 1441 100.5
1441 1491 91.5
1441 1442 56.5
1442 1492 51.5
1442 1443 101.5
1443 1493 53.5
1443 1444 87.5
1444 1494 74.5
1444 1445 96.5
1445 1495 69.5
1445 1446 107.5
1446 1496 94.5
1446 1447 74.5
1447 1497 106.5
1447 1448 90.5
1448 1498 109.5
1448 1449 106.5
1449 1499 105.5
1450 1500 84.5
1450 1451 82.5
1451 1501 109.5
1451 1452 104.5
1452 1502 92.5
1452 1453 103.5
1453 1503 87.5
1453 1454 104.5
1454 1504 92.5
1454 1455 89.5
1455 1505 107.5
1455 1456 100.5
1456 1506 86.5
1456 1457 97.5
1457 1507 84.5
1457 1458 97.5
1458 1508 104.5
1458 1459 102.5
1459 1509 99.5
1459 1460 99.5
1460 1510 94.5
1460 1461 109.5
1461 1511 88.5
1461 1462 91.5
1462 1512 84.5
1462 1463 95.5
1463 1513 87.5
1463 1464 101.5
1464 1514 92.5
1464 1465 106.5
1465 1515 92.5
1465 1466 96.5
1466 1516 90.5
1466 1467 93.5
1467 1517 88.5
1467 1468 103.5
1468 1518 105.5
1468 1469 96.5
1469 1519 109.5
1469 1470 107.5
1470 1520 105.5
1470 1471 109.5
1471 1521 105.5
1471 1472 111.5
1472 1522 110.5
1472 1473 98.5
1473 1523 110.5
1473 1474 104.5
1474 1524 107.5
1474 1475 96.5
1475 1525 95.5
1475 1476 110.5
1476 1526 110.5
1476 1477 101.5
1477 1527 97.5
1477 1478 95.5
1478 1528 94.5
1478 1479 108.5
1479 1529 95.5
1479 1480 110.5
1480 1530 107.5
1480 1481 102.5
1481 1531 105.5
1481 1482 93.5
1482 1532 107.5
1482 1483 102.5
1483 1533 103.5
1483 1484 88.5
1484 1534 96.5
1484 1485 107.5
1485 1535 79.5
1485 1486 79.5
1486 1536 106.5
1486 1487 83.5
1487 1537 100.5
1487 1488 102.5
1488 1538 99.5
1488 1489 95.5
1489 1539 105.5
1489 1490 88.5
1490 1540 96.5
1490 1491 88.5
1491 1541 102.5
1491 1492 86.5
1492 1542 91.5
1492 1493 99.5
1493 1543 110.5
1493 1494 108.5
1494 1544 71.5
1494 1495 91.5
1495 1545 81.5
1495 1496 90.5
1496 1546 85.5
1496 1497 52.5
1497 1547 95.5
1497 1498 87.5
1498 1548 93.5
1498 1499 98.5
1499 1549 86.5
1500 1550 92.5
1500 1501 107.5
1501 1551 102.5
1501 1502 101.5
1502 1552 77.5
1502 1503 98.5
1503 1553 74.5
1503 1504 99.5
1504 1554 92.5
1504 1505 66.5
1505 1555 106.5
1505 1506 101.5
1506 1556 97.5
1506 1507 99.5
1507 1557 93.5
1507 1508 105.5
1508 1558 97.5
1508 1509 83.5
1509 1559 110.5
1509 1510 94.5
1510 1560 100.5
1510 1511 103.5
1511 1561 98.5
1511 1512 95.5
1512 1562 94.5
1512 1513 98.5
1513 1563 110.5
1513 1514 106.5
1514 1564 82.5
1514 1515 106.5
1515 1565 76.5
1515 1516 98.5
1516 1566 90.5
1516 1517 91.5
1517 1567 97.5
1517 1518 90.5
1518 1568 101.5
1518 1519 100.5
1519 1569 99.5
1519 1520 103.5
1520 1570 106.5
1520 1521 109.5
1521 1571 107.5
1521 1522 106.5
1522 1572 103.5
1522 1523 96.5
1523 1573 96.5
1523 1524 101.5
1524 1574 96.5
1524 1525 108.5
1525 1575 106.5
1525 1526 97.5
1526 1576 106.5
1526 1527 108.5
1527 1577 97.5
1527 1528 92.5
1528 1578 111.5
1528 1529 107.5
1529 1579 102.5
1529 1530 98.5
1530 1580 96.5
1530 1531 110.5
1531 1581 83.5
1531 1532 103.5
1532 1582 83.5
1532 1533 106.5
1533 1583 87.5
1533 1534 111.5
1534 1584 102.5
1534 1535 90.5
1535 1585 96.5
1535 1536 106.5
1536 1586 97.5
1536 1537 89.5
1537 1587 105.5
1537 1538 103.5
1538 1588 110.5
1538 1539 109.5
1539 1589 102.5
1539 1540 109.5
1540 1590 108.5
1540 1541 94.5
1541 1591 103.5
1541 1542 57.5
1542 1592 53.5
1542 1543 80.5
1543 1593 79.5
1543 1544 73.5
1544 1594 108.5
1544 1545 81.5
1545 1595 106.5
1545 1546 94.5
1546 1596 101.5
1546 1547 94.5
1547 1597 73.5
1547 1548 85.5
1548 1598 87.5
1548 1549 91.5
1549 1599 92.5
1550 1600 86.5
1550 1551 97.5
1551 1601 93.5
1551 1552 96.5
1552 1602 105.5
1552 1553 101.5
1553 1603 90.5
1553 1554 105.5
1554 1604 99.5
1554 1555 90.5
1555 1605 103.5
1555 1556 110.5
1556 1606 101.5
1556 1557 95.5
1557 1607 107.5
1557 1558 109.5
1558 1608 98.5
1558 1559 96.5
1559 1609 72.5
1559 1560 82.5
1560 1610 104.5
1560 1561 101.5
1561 1611 108.5
1561 1562 99.5
1562 1612 96.5
1562 1563 108.5
1563 1613 91.5
1563 1564 86.5
1564 1614 108.5
1564 1565 110.5
1565 1615 103.5
1565 1566 110.5
1566 1616 95.5
1566 1567 84.5
1567 1617 77.5
1567 1568 108.5
1568 1618 103.5
1568 1569 102.5
1569 1619 108.5
1569 1570 96.5
1570 1620 99.5
1570 1571 100.5
1571 1621 92.5
1571 1572 110.5
1572 1622 88.5
1572 1573 103.5
1573 1623 92.5
1573 1574 101.5
1574 1624 93.5
1574 1575 104.5
1575 1625 87.5
1575 1576 107.5
1576 1626 98.5
1576 1577 99.5
1577 1627 95.5
1577 1578 106.5
1578 1628 107.5
1578 1579 98.5
1579 1629 104.5
1579 1580 92.5
1580 1630 103.5
1580 1581 97.5
1581 1631 103.5
1581 1582 103.5
1582 1632 104.5
1582 1583 110.5
1583 1633 99.5
1583 1584 96.5
1584 1634 107.5
1584 1585 84.5
1585 1635 97.5
1585 1586 87.5
1586 1636 87.5
1586 1587 97.5
1587 1637 88.5
1587 1588 110.5
1588 1638 105.5
1588 1589 99.5
1589 1639 109.5
1589 1590 101.5
1590 1640 102.5
1590 1591 105.5
1591 1641 97.5
1591 1592 99.5
1592 1642 100.5
1592 1593 106.5
1593 1643 100.5
1593 1594 102.5
1594 1644 60.5
1594 1595 73.5
1595 1645 92.5
1595 1596 99.5
1596 1646 91.5
1596 1597 100.5
1597 1647 93.5
1597 1598 99.5
1598 1648 110.5
1598 1599 96.5
1599 1649 90.5
1600 1650 69.5
1600 1601 90.5
1601 1651 103.5
1601 1602 108.5
1602 1652 110.5
1602 1603 106.5
1603 1653 108.5
1603 1604 96.5
1604 1654 109.5
1604 1605 110.5
1605 1655 107.5
1605 1606 110.5
1606 1656 87.5
1606 1607 101.5
1607 1657 85.5
1607 1608 96.5
1608 1658 105.5
1608 1609 100.5
1609 1659 104.5
1609 1610 94.5
1610 1660 72.5
1610 1611 97.5
1611 1661 96.5
1611 1612 105.5
1612 1662 110.5
1612 1613 109.5
1613 1663 111.5
1613 1614 69.5
1614 1664 104.5
1614 1615 99.5
1615 1665 82.5
1615 1616 104.5
1616 1666 65.5
1616 1617 102.5
1617 1667 68.5
1617 1618 82.5
1618 1668 97.5
1618 1619 109.5
1619 1669 107.5
1619 1620 105.5
1620 1670 104.5
1620 1621 107.5
1621 1671 98.5
1621 1622 106.5
1622 1672 100.5
1622 1623 107.5
1623 1673 109.5
1623 1624 102.5
1624 1674 102.5
1624 1625 98.5
1625 1675 100.5
1625 1626 96.5
1626 1676 94.5
1626 1627 96.5
1627 1677 94.5
1627 1628 96.5
1628 1678 84.5
1628 1629 95.5
1629 1679 93.5
1629 1630 107.5
1630 1680 103.5
1630 1631 97.5
1631 1681 91.5
1631 1632 102.5
1632 1682 87.5
1632 1633 107.5
1633 1683 83.5
1633 1634 104.5
1634 1684 103.5
1634 1635 94.5
1635 1685 103.5
1635 1636 77.5
1636 1686 104.5
1636 1637 98.5
1637 1687 101.5
1637 1638 95.5
1638 1688 109.5
1638 1639 107.5
1639 1689 99.5
1639 1640 110.5
1640 1690 104.5
1640 1641 110.5
1641 1691 103.5
1641 1642 74.5
1642 1692 79.5
1642 1643 94.5
1643 1693 105.5
1643 1644 80.5
1644 1694 109.5
1644 1645 105.5
1645 1695 72.5
1645 1646 100.5
1646 1696 106.5
1646 1647 102.5
1647 1697 93.5
1647 1648 104.5
1648 1698 83.5
1648 1649 106.5
1649 1699 97.5
1650 1700 105.5
1650 1651 82.5
1651 1701 111.5
1651 1652 105.5
1652 1702 108.5
1652 1653 102.5
1653 1703 94.5
1653 1654 91.5
1654 1704 104.5
1654 1655 104.5
1655 1705 106.5
1655 1656 92.5
1656 1706 101.5
1656 1657 103.5
1657 1707 75.5
1657 1658 106.5
1658 1708 107.5
1658 1659 109.5
1659 1709 109.5
1659 1660 82.5
1660 1710 98.5
1660 1661 101.5
1661 1711 88.5
1661 1662 103.5
1662 1712 107.5
1662 1663 110.5
1663 1713 110.5
1663 1664 76.5
1664 1714 103.5
1664 1665 101.5
1665 1715 102.5
1665 1666 101.5
1666 1716 98.5
1666 1667 105.5
1667 1717 106.5
1667 1668 83.5
1668 1718 99.5
1668 1669 99.5
1669 1719 97.5
1669 1670 106.5
1670 1720 79.5
1670 1671 109.5
1671 1721 83.5
1671 1672 108.5
1672 1722 71.5
1672 1673 106.5
1673 1723 101.5
1673 1674 109.5
1674 1724 97.5
1674 1675 100.5
1675 1725 109.5
1675 1676 90.5
1676 1726 101.5
1676 1677 96.5
1677 1727 107.5
1677 1678 86.5
1678 1728 111.5
1678 1679 104.5
1679 1729 109.5
1679 1680 89.5
1680 1730 106.5
1680 1681 109.5
1681 1731 109.5
1681 1682 106.5
1682 1732 108.5
1682 1683 103.5
1683 1733 103.5
1683 1684 82.5
1684 1734 107.5
1684 1685 110.5
1685 1735 84.5
1685 1686 78.5
1686 1736 109.5
1686 1687 95.5
1687 1737 50.5
1687 1688 83.5
1688 1738 56.5
1688 1689 105.5
1689 1739 76.5
1689 1690 91.5
1690 1740 72.5
1690 1691 111.5
1691 1741 102.5
1691 1692 98.5
1692 1742 103.5
1692 1693 102.5
1693 1743 110.5
1693 1694 88.5
1694 1744 74.5
1694 1695 80.5
1695 1745 86.5
1695 1696 88.5
1696 1746 76.5
1696 1697 79.5
1697 1747 90.5
1697 1698 108.5
1698 1748 60.5
1698 1699 92.5
1699 1749 98.5
1700 1750 99.5
1700 1701 76.5
1701 1751 108.5
1701 1702 108.5
1702 1752 100.5
1702 1703 100.5
1703 1753 98.5
1703 1704 101.5
1704 1754 111.5
1704 1705 102.5
1705 1755 109.5
1705 1706 97.5
1706 1756 105.5
1706 1707 77.5
1707 1757 91.5
1707 1708 84.5
1708 1758 98.5
1708 1709 111.5
1709 1759 91.5
1709 1710 93.5
1710 1760 90.5
1710 1711 91.5
1711 1761 98.5
1711 1712 92.5
1712 1762 90.5
1712 1713 109.5
1713 1763 106.5
1713 1714 83.5
1714 1764 93.5
1714 1715 104.5
1715 1765 99.5
1715 1716 105.5
1716 1766 90.5
1716 1717 97.5
1717 1767 70.5
1717 1718 100.5
1718 1768 89.5
1718 1719 97.5
1719 1769 99.5
1719 1720 98.5
1720 1770 105.5
1720 1721 105.5
1721 1771 99.5
1721 1722 102.5
1722 1772 103.5
1722 1723 86.5
1723 1773 107.5
1723 1724 105.5
1724 1774 102.5
1724 1725 88.5
1725 1775 87.5
1725 1726 102.5
1726 1776 91.5
1726 1727 110.5
1727 1777 108.5
1727 1728 90.5
1728 1778 100.5
1728 1729 102.5
1729 1779 101.5
1729 1730 92.5
1730 1780 106.5
1730 1731 106.5
1731 1781 102.5
1731 1732 101.5
1732 1782 94.5
1732 1733 108.5
1733 1783 93.5
1733 1734 94.5
1734 1784 64.5
1734 1735 89.5
1735 1785 81.5
1735 1736 107.5
1736 1786 90.5
1736 1737 68.5
1737 1787 84.5
1737 1738 89.5
1738 1788 85.5
1738 1739 97.5
1739 1789 101.5
1739 1740 95.5
1740 1790 111.5
1740 1741 81.5
1741 1791 109.5
1741 1742 107.5
1742 1792 63.5
1742 1743 93.5
1743 1793 51.5
1743 1744 98.5
1744 1794 46.5
1744 1745 80.5
1745 1795 87.5
1745 1746 78.5
1746 1796 92.5
1746 1747 87.5
1747 1797 107.5
1747 1748 84.5
1748 1798 109.5
1748 1749 92.5
1749 1799 67.5
1750 1800 106.5
1750 1751 91.5
1751 1801 101.5
1751 1752 100.5
1752 1802 99.5
1752 1753 98.5
1753 1803 105.5
1753 1754 108.5
1754 1804 96.5
1754 1755 100.5
1755 1805 105.5
1755 1756 93.5
1756 1806 110.5
1756 1757 91.5
1757 1807 105.5
1757 1758 91.5
1758 1808 95.5
1758 1759 104.5
1759 1809 100.5
1759 1760 88.5
1760 1810 109.5
1760 1761 97.5
1761 1811 105.5
1761 1762 84.5
1762 1812 100.5
1762 1763 83.5
1763 1813 75.5
1763 1764 70.5
1764 1814 81.5
1764 1765 110.5
1765 1815 105.5
1765 1766 108.5
1766 1816 110.5
1766 1767 105.5
1767 1817 100.5
1767 1768 103.5
1768 1818 97.5
1768 1769 107.5
1769 1819 95.5
1769 1770 104.5
1770 1820 88.5
1770 1771 111.5
1771 1821 84.5
1771 1772 106.5
1772 1822 70.5
1772 1773 82.5
1773 1823 79.5
1773 1774 100.5
1774 1824 109.5
1774 1775 103.5
1775 1825 68.5
1775 1776 106.5
1776 1826 108.5
1776 1777 93.5
1777 1827 109.5
1777 1778 104.5
1778 1828 110.5
1778 1779 101.5
1779 1829 103.5
1779 1780 97.5
1780 1830 90.5
1780 1781 102.5
1781 1831 97.5
1781 1782 109.5
1782 1832 106.5
1782 1783 107.5
1783 1833 93.5
1783 1784 99.5
1784 1834 109.5
1784 1785 106.5
1785 1835 100.5
1785 1786 106.5
1786 1836 111.5
1786 1787 74.5
1787 1837 81.5
1787 1788 88.5
1788 1838 65.5
1788 1789 109.5
1789 1839 79.5
1789 1790 105.5
1790 1840 108.5
1790 1791 79.5
1791 1841 95.5
1791 1792 61.5
1792 1842 42.5
1792 1793 105.5
1793 1843 54.5
1793 1794 103.5
1794 1844 86.5
1794 1795 101.5
1795 1845 91.5
1795 1796 101.5
1796 1846 71.5
1796 1797 102.5
1797 1847 88.5
1797 1798 90.5
1798 1848 98.5
1798 1799 84.5
1799 1849 92.5
1800 1850 91.5
1800 1801 86.5
1801 1851 99.5
1801 1802 102.5
1802 1852 107.5
1802 1803 92.5
1803 1853 108.5
1803 1804 99.5
1804 1854 103.5
1804 1805 109.5
1805 1855 99.5
1805 1806 100.5
1806 1856 102.5
1806 1807 98.5
1807 1857 90.5
1807 1808 109.5
1808 1858 107.5
1808 1809 99.5
1809 1859 105.5
1809 1810 97.5
1810 1860 105.5
1810 1811 89.5
1811 1861 109.5
1811 1812 101.5
1812 1862 102.5
1812 1813 58.5
1813 1863 74.5
1813 1814 76.5
1814 1864 46.5
1814 1815 88.5
1815 1865 51.5
1815 1816 109.5
1816 1866 72.5
1816 1817 95.5
1817 1867 81.5
1817 1818 78.5
1818 1868 90.5
1818 1819 109.5
1819 1869 105.5
1819 1820 111.5
1820 1870 106.5
1820 1821 107.5
1821 1871 96.5
1821 1822 102.5
1822 1872 106.5
1822 1823 91.5
1823 1873 106.5
1823 1824 66.5
1824 1874 76.5
1824 1825 78.5
1825 1875 56.5
1825 1826 70.5
1826 1876 97.5
1826 1827 94.5
1827 1877 110.5
1827 1828 103.5
1828 1878 111.5
1828 1829 92.5
1829 1879 104.5
1829 1830 110.5
1830 1880 111.5
1830 1831 95.5
1831 1881 103.5
1831 1832 94.5
1832 1882 109.5
1832 1833 94.5
1833 1883 105.5
1833 1834 103.5
1834 1884 81.5
1834 1835 107.5
1835 1885 98.5
1835 1836 105.5
1836 1886 103.5
1836 1837 104.5
1837 1887 96.5
1837 1838 104.5
1838 1888 110.5
1838 1839 95.5
1839 1889 94.5
1839 1840 88.5
1840 1890 87.5
1840 1841 98.5
1841 1891 89.5
1841 1842 108.5
1842 1892 109.5
1842 1843 105.5
1843 1893 106.5
1843 1844 87.5
1844 1894 107.5
1844 1845 106.5
1845 1895 100.5
1845 1846 81.5
1846 1896 110.5
1846 1847 103.5
1847 1897 108.5
1847 1848 96.5
1848 1898 102.5
1848 1849 90.5
1849 1899 97.5
1850 1900 111.5
1850 1851 94.5
1851 1901 67.5
1851 1852 86.5
1852 1902 92.5
1852 1853 93.5
1853 1903 96.5
1853 1854 88.5
1854 1904 94.5
1854 1855 105.5
1855 1905 97.5
1855 1856 103.5
1856 1906 91.5
1856 1857 110.5
1857 1907 91.5
1857 1858 92.5
1858 1908 80.5
1858 1859 97.5
1859 1909 75.5
1859 1860 97.5
1860 1910 86.5
1860 1861 93.5
1861 1911 64.5
1861 1862 94.5
1862 1912 60.5
1862 1863 86.5
1863 1913 87.5
1863 1864 104.5
1864 1914 103.5
1864 1865 93.5
1865 1915 89.5
1865 1866 92.5
1866 1916 96.5
1866 1867 86.5
1867 1917 93.5
1867 1868 87.5
1868 1918 106.5
1868 1869 94.5
1869 1919 104.5
1869 1870 100.5
1870 1920 76.5
1870 1871 105.5
1871 1921 70.5
1871 1872 92.5
1872 1922 84.5
1872 1873 81.5
1873 1923 104.5
1873 1874 96.5
1874 1924 103.5
1874 1875 98.5
1875 1925 106.5
1875 1876 111.5
1876 1926 103.5
1876 1877 109.5
1877 1927 105.5
1877 1878 104.5
1878 1928 107.5
1878 1879 99.5
1879 1929 84.5
1879 1880 105.5
1880 1930 83.5
1880 1881 103.5
1881 1931 102.5
1881 1882 88.5
1882 1932 106.5
1882 1883 86.5
1883 1933 97.5
1883 1884 95.5
1884 1934 106.5
1884 1885 90.5
1885 1935 102.5
1885 1886 96.5
1886 1936 100.5
1886 1887 97.5
1887 1937 106.5
1887 1888 104.5
1888 1938 92.5
1888 1889 109.5
1889 1939 94.5
1889 1890 95.5
1890 1940 99.5
1890 1891 100.5
1891 1941 98.5
1891 1892 84.5
1892 1942 93.5
1892 1893 98.5
1893 1943 82.5
1893 1894 96.5
1894 1944 104.5
1894 1895 99.5
1895 1945 104.5
1895 1896 93.5
1896 1946 64.5
1896 1897 101.5
1897 1947 64.5
1897 1898 108.5
1898 1948 101.5
1898 1899 85.5
1899 1949 109.5
1900 1950 73.5
1900 1901 84.5
1901 1951 69.5
1901 1902 111.5
1902 1952 66.5
1902 1903 97.5
1903 1953 58.5
1903 1904 90.5
1904 1954 74.5
1904 1905 102.5
1905 1955 69.5
1905 1906 109.5
1906 1956 80.5
1906 1907 110.5
1907 1957 84.5
1907 1908 81.5
1908 1958 84.5
1908 1909 102.5
1909 1959 93.5
1909 1910 108.5
1910 1960 90.5
1910 1911 107.5
1911 1961 105.5
1911 1912 98.5
1912 1962 100.5
1912 1913 109.5
1913 1963 96.5
1913 1914 102.5
1914 1964 90.5
1914 1915 107.5
1915 1965 86.5
1915 1916 99.5
1916 1966 110.5
1916 1917 103.5
1917 1967 66.5
1917 1918 110.5
1918 1968 57.5
1918 1919 106.5
1919 1969 85.5
1919 1920 94.5
1920 1970 109.5
1920 1921 111.5
1921 1971 97.5
1921 1922 106.5
1922 1972 100.5
1922 1923 107.5
1923 1973 97.5
1923 1924 95.5
1924 1974 103.5
1924 1925 111.5
1925 1975 103.5
1925 1926 108.5
1926 1976 91.5
1926 1927 99.5
1927 1977 109.5
1927 1928 108.5
1928 1978 104.5
1928 1929 100.5
1929 1979 104.5
1929 1930 106.5
1930 1980 104.5
1930 1931 100.5
1931 1981 105.5
1931 1932 102.5
1932 1982 100.5
1932 1933 95.5
1933 1983 90.5
1933 1934 86.5
1934 1984 61.5
1934 1935 104.5
1935 1985 89.5
1935 1936 98.5
1936 1986 103.5
1936 1937 81.5
1937 1987 96.5
1937 1938 104.5
1938 1988 105.5
1938 1939 107.5
1939 1989 107.5
1939 1940 100.5
1940 1990 105.5
1940 1941 101.5
1941 1991 106.5
1941 1942 107.5
1942 1992 83.5
1942 1943 87.5
1943 1993 75.5
1943 1944 104.5
1944 1994 93.5
1944 1945 99.5
1945 1995 90.5
1945 1946 89.5
1946 1996 86.5
1946 1947 101.5
1947 1997 99.5
1947 1948 77.5
1948 1998 110.5
1948 1949 73.5
1949 1999 51.5
1950 2000 70.5
1950 1951 88.5
1951 2001 91.5
1951 1952 108.5
1952 2002 96.5
1952 1953 105.5
1953 2003 107.5
1953 1954 106.5
1954 2004 93.5
1954 1955 97.5
1955 2005 109.5
1955 1956 102.5
1956 2006 107.5
1956 1957 106.5
1957 2007 101.5
1957 1958 81.5
1958 2008 82.5
1958 1959 111.5
1959 2009 86.5
1959 1960 111.5
1960 2010 106.5
1960 1961 92.5
1961 2011 101.5
1961 1962 107.5
1962 2012 95.5
1962 1963 109.5
1963 2013 99.5
1963 1964 108.5
1964 2014 100.5
1964 1965 111.5
1965 2015 105.5
1965 1966 97.5
1966 2016 103.5
1966 1967 59.5
1967 2017 93.5
1967 1968 101.5
1968 2018 62.5
1968 1969 78.5
1969 2019 78.5
1969 1970 104.5
1970 2020 99.5
1970 1971 95.5
1971 2021 104.5
1971 1972 103.5
1972 2022 104.5
1972 1973 104.5
1973 2023 102.5
1973 1974 101.5
1974 2024 109.5
1974 1975 111.5
1975 2025 96.5
1975 1976 80.5
1976 2026 95.5
1976 1977 81.5
1977 2027 100.5
1977 1978 105.5
1978 2028 109.5
1978 1979 100.5
1979 2029 94.5
1979 1980 106.5
1980 2030 96.5
1980 1981 101.5
1981 2031 104.5
1981 1982 107.5
1982 2032 96.5
1982 1983 105.5
1983 2033 109.5
1983 1984 107.5
1984 2034 99.5
1984 1985 90.5
1985 2035 102.5
1985 1986 94.5
1986 2036 91.5
1986 1987 88.5
1987 2037 103.5
1987 1988 95.5
1988 2038 102.5
1988 1989 105.5
1989 2039 96.5
1989 1990 98.5
1990 2040 91.5
1990 1991 100.5
1991 2041 83.5
1991 1992 92.5
1992 2042 75.5
1992 1993 95.5
1993 2043 90.5
1993 1994 100.5
1994 2044 87.5
1994 1995 84.5
1995 2045 99.5
1995 1996 85.5
1996 2046 79.5
1996 1997 84.5
1997 2047 72.5
1997 1998 88.5
1998 2048 102.5
1998 1999 88.5
1999 2049 102.5
2000 2050 87.5
2000 2001 109.5
2001 2051 83.5
2001 2002 103.5
2002 2052 96.5
2002 2003 106.5
2003 2053 100.5
2003 2004 102.5
2004 2054 85.5
2004 2005 81.5
2005 2055 89.5
2005 2006 108.5
2006 2056 86.5
2006 2007 110.5
2007 2057 83.5
2007 2008 100.5
2008 2058 94.5
2008 2009 107.5
2009 2059 90.5
2009 2010 81.5
2010 2060 104.5
2010 2011 107.5
2011 2061 102.5
2011 2012 109.5
2012 2062 104.5
2012 2013 105.5
2013 2063 86.5
2013 2014 109.5
2014 2064 96.5
2014 2015 106.5
2015 2065 107.5
2015 2016 111.5
2016 2066 110.5
2016 2017 69.5
2017 2067 94.5
2017 2018 90.5
2018 2068 95.5
2018 2019 94.5
2019 2069 95.5
2019 2020 97.5
2020 2070 81.5
2020 2021 100.5
2021 2071 108.5
2021 2022 89.5
2022 2072 88.5
2022 2023 106.5
2023 2073 92.5
2023 2024 94.5
2024 2074 95.5
2024 2025 94.5
2025 2075 67.5
2025 2026 49.5
2026 2076 102.5
2026 2027 76.5
2027 2077 106.5
2027 2028 92.5
2028 2078 97.5
2028 2029 107.5
2029 2079 99.5
2029 2030 108.5
2030 2080 92.5
2030 2031 99.5
2031 2081 73.5
2031 2032 99.5
2032 2082 72.5
2032 2033 104.5
2033 2083 88.5
2033 2034 105.5
2034 2084 104.5
2034 2035 111.5
2035 2085 92.5
2035 2036 105.5
2036 2086 81.5
2036 2037 100.5
2037 2087 104.5
2037 2038 110.5
2038 2088 99.5
2038 2039 111.5
2039 2089 111.5
2039 2040 103.5
2040 2090 80.5
2040 2041 92.5
2041 2091 59.5
2041 2042 100.5
2042 2092 98.5
2042 2043 110.5
2043 2093 87.5
2043 2044 97.5
2044 2094 102.5
2044 2045 96.5
2045 2095 66.5
2045 2046 93.5
2046 2096 64.5
2046 2047 77.5
2047 2097 76.5
2047 2048 104.5
2048 2098 54.5
2048 2049 70.5
2049 2099 95.5
2050 2100 74.5
2050 2051 105.5
2051 2101 89.5
2051 2052 90.5
2052 2102 108.5
2052 2053 102.5
2053 2103 94.5
2053 2054 87.5
2054 2104 93.5
2054 2055 77.5
2055 2105 91.5
2055 2056 105.5
2056 2106 89.5
2056 2057 109.5
2057 2107 88.5
2057 2058 111.5
2058 2108 94.5
2058 2059 103.5
2059 2109 101.5
2059 2060 109.5
2060 2110 107.5
2060 2061 109.5
2061 2111 110.5
2061 2062 97.5
2062 2112 110.5
2062 2063 87.5
2063 2113 82.5
2063 2064 99.5
2064 2114 95.5
2064 2065 97.5
2065 2115 106.5
2065 2066 108.5
2066 2116 85.5
2066 2067 87.5
2067 2117 90.5
2067 2068 91.5
2068 2118 110.5
2068 2069 96.5
2069 2119 95.5
2069 2070 83.5
2070 2120 80.5
2070 2071 73.5
2071 2121 99.5
2071 2072 107.5
2072 2122 71.5
2072 2073 110.5
2073 2123 78.5
2073 2074 93.5
2074 2124 104.5
2074 2075 100.5
2075 2125 87.5
2075 2076 102.5
2076 2126 96.5
2076 2077 90.5
2077 2127 110.5
2077 2078 101.5
2078 2128 103.5
2078 2079 105.5
2079 2129 107.5
2079 2080 107.5
2080 2130 99.5
2080 2081 80.5
2081 2131 80.5
2081 2082 98.5
2082 2132 80.5
2082 2083 88.5
2083 2133 98.5
2083 2084 101.5
2084 2134 102.5
2084 2085 85.5
2085 2135 100.5
2085 2086 106.5
2086 2136 100.5
2086 2087 99.5
2087 2137 81.5
2087 2088 91.5
2088 2138 99.5
2088 2089 99.5
2089 2139 107.5
2089 2090 72.5
2090 2140 106.5
2090 2091 109.5
2091 2141 110.5
2091 2092 57.5
2092 2142 108.5
2092 2093 99.5
2093 2143 103.5
2093 2094 110.5
2094 2144 104.5
2094 2095 72.5
2095 2145 75.5
2095 2096 91.5
2096 2146 80.5
2096 2097 63.5
2097 2147 111.5
2097 2098 82.5
2098 2148 61.5
2098 2099 79.5
2099 2149 109.5
2100 2150 105.5
2100 2101 90.5
2101 2151 65.5
2101 2102 109.5
2102 2152 85.5
2102 2103 100.5
2103 2153 103.5
2103 2104 86.5
2104 2154 107.5
2104 2105 79.5
2105 2155 109.5
2105 2106 103.5
2106 2156 89.5
2106 2107 108.5
2107 2157 89.5
2107 2108 105.5
2108 2158 107.5
2108 2109 92.5
2109 2159 76.5
2109 2110 95.5
2110 2160 109.5
2110 2111 108.5
2111 2161 100.5
2111 2112 95.5
2112 2162 90.5
2112 2113 105.5
2113 2163 98.5
2113 2114 110.5
2114 2164 111.5
2114 2115 108.5
2115 2165 108.5
2115 2116 93.5
2116 2166 107.5
2116 2117 88.5
2117 2167 94.5
2117 2118 111.5
2118 2168 86.5
2118 2119 79.5
2119 2169 91.5
2119 2120 92.5
2120 2170 111.5
2120 2121 106.5
2121 2171 97.5
2121 2122 87.5
2122 2172 99.5
2122 2123 103.5
2123 2173 93.5
2123 2124 89.5
2124 2174 110.5
2124 2125 105.5
2125 2175 74.5
2125 2126 63.5
2126 2176 98.5
2126 2127 74.5
2127 2177 96.5
2127 2128 94.5
2128 2178 83.5
2128 2129 109.5
2129 2179 92.5
2129 2130 107.5
2130 2180 111.5
2130 2131 99.5
2131 2181 85.5
2131 2132 98.5
2132 2182 76.5
2132 2133 106.5
2133 2183 85.5
2133 2134 105.5
2134 2184 101.5
2134 2135 83.5
2135 2185 108.5
2135 2136 106.5
2136 2186 106.5
2136 2137 58.5
2137 2187 96.5
2137 2138 109.5
2138 2188 102.5
2138 2139 83.5
2139 2189 93.5
2139 2140 71.5
2140 2190 68.5
2140 2141 107.5
2141 2191 61.5
2141 2142 61.5
2142 2192 111.5
2142 2143 104.5
2143 2193 104.5
2143 2144 97.5
2144 2194 102.5
2144 2145 101.5
2145 2195 88.5
2145 2146 86.5
2146 2196 87.5
2146 2147 94.5
2147 2197 93.5
2147 2148 90.5
2148 2198 106.5
2148 2149 95.5
2149 2199 72.5
2150 2200 89.5
2150 2151 92.5
2151 2201 86.5
2151 2152 93.5
2152 2202 106.5
2152 2153 82.5
2153 2203 100.5
2153 2154 74.5
2154 2204 85.5
2154 2155 73.5
2155 2205 93.5
2155 2156 99.5
2156 2206 99.5
2156 2157 108.5
2157 2207 101.5
2157 2158 91.5
2158 2208 87.5
2158 2159 99.5
2159 2209 80.5
2159 2160 90.5
2160 2210 107.5
2160 2161 99.5
2161 2211 109.5
2161 2162 105.5
2162 2212 106.5
2162 2163 109.5
2163 2213 108.5
2163 2164 97.5
2164 2214 107.5
2164 2165 111.5
2165 2215 105.5
2165 2166 86.5
2166 2216 111.5
2166 2167 101.5
2167 2217 109.5
2167 2168 103.5
2168 2218 96.5
2168 2169 84.5
2169 2219 110.5
2169 2170 72.5
2170 2220 109.5
2170 2171 102.5
2171 2221 100.5
2171 2172 85.5
2172 2222 75.5
2172 2173 97.5
2173 2223 81.5
2173 2174 106.5
2174 2224 92.5
2174 2175 79.5
2175 2225 103.5
2175 2176 109.5
2176 2226 63.5
2176 2177 102.5
2177 2227 77.5
2177 2178 107.5
2178 2228 82.5
2178 2179 100.5
2179 2229 99.5
2179 2180 88.5
2180 2230 92.5
2180 2181 97.5
2181 2231 83.5
2181 2182 107.5
2182 2232 93.5
2182 2183 107.5
2183 2233 92.5
2183 2184 101.5
2184 2234 109.5
2184 2185 90.5
2185 2235 96.5
2185 2186 104.5
2186 2236 101.5
2186 2187 68.5
2187 2237 96.5
2187 2188 103.5
2188 2238 86.5
2188 2189 110.5
2189 2239 98.5
2189 2190 96.5
2190 2240 107.5
2190 2191 100.5
2191 2241 105.5
2191 2192 111.5
2192 2242 96.5
2192 2193 97.5
2193 2243 109.5
2193 2194 95.5
2194 2244 90.5
2194 2195 107.5
2195 2245 98.5
2195 2196 87.5
2196 2246 104.5
2196 2197 100.5
2197 2247 110.5
2197 2198 77.5
2198 2248 97.5
2198 2199 83.5
2199 2249 92.5
2200 2250 110.5
2200 2201 95.5
2201 2251 95.5
2201 2202 109.5
2202 2252 103.5
2202 2203 98.5
2203 2253 105.5
2203 2204 89.5
2204 2254 98.5
2204 2205 81.5
2205 2255 97.5
2205 2206 105.5
2206 2256 77.5
2206 2207 106.5
2207 2257 70.5
2207 2208 105.5
2208 2258 90.5
2208 2209 106.5
2209 2259 104.5
2209 2210 105.5
2210 2260 108.5
2210 2211 101.5
2211 2261 99.5
2211 2212 108.5
2212 2262 98.5
2212 2213 107.5
2213 2263 105.5
2213 2214 98.5
2214 2264 100.5
2214 2215 109.5
2215 2265 94.5
2215 2216 92.5
2216 2266 108.5
2216 2217 103.5
2217 2267 92.5
2217 2218 90.5
2218 2268 92.5
2218 2219 100.5
2219 2269 80.5
2219 2220 71.5
2220 2270 102.5
2220 2221 107.5
2221 2271 109.5
2221 2222 60.5
2222 2272 102.5
2222 2223 91.5
2223 2273 107.5
2223 2224 95.5
2224 2274 110.5
2224 2225 90.5
2225 2275 74.5
2225 2226 53.5
2226 2276 109.5
2226 2227 106.5
2227 2277 106.5
2227 2228 110.5
2228 2278 92.5
2228 2229 105.5
2229 2279 88.5
2229 2230 103.5
2230 2280 102.5
2230 2231 106.5
2231 2281 107.5
2231 2232 105.5
2232 2282 99.5
2232 2233 106.5
2233 2283 98.5
2233 2234 104.5
2234 2284 102.5
2234 2235 103.5
2235 2285 103.5
2235 2236 99.5
2236 2286 98.5
2236 2237 93.5
2237 2287 109.5
2237 2238 109.5
2238 2288 110.5
2238 2239 100.5
2239 2289 100.5
2239 2240 105.5
2240 2290 93.5
2240 2241 102.5
2241 2291 98.5
2241 2242 90.5
2242 2292 98.5
2242 2243 110.5
2243 2293 103.5
2243 2244 104.5
2244 2294 110.5
2244 2245 99.5
2245 2295 106.5
2245 2246 93.5
2246 2296 99.5
2246 2247 92.5
2247 2297 94.5
2247 2248 90.5
2248 2298 93.5
2248 2249 50.5
2249 2299 78.5
2250 2300 103.5
2250 2251 110.5
2251 2301 89.5
2251 2252 101.5
2252 2302 105.5
2252 2253 110.5
2253 2303 98.5
2253 2254 96.5
2254 2304 93.5
2254 2255 108.5
2255 2305 88.5
2255 2256 97.5
2256 2306 108.5
2256 2257 99.5
2257 2307 106.5
2257 2258 97.5
2258 2308 108.5
2258 2259 102.5
2259 2309 99.5
2259 2260 107.5
2260 2310 109.5
2260 2261 106.5
2261 2311 104.5
2261 2262 107.5
2262 2312 110.5
2262 2263 108.5
2263 2313 105.5
2263 2264 107.5
2264 2314 98.5
2264 2265 103.5
2265 2315 95.5
2265 2266 110.5
2266 2316 109.5
2266 2267 87.5
2267 2317 102.5
2267 2268 90.5
2268 2318 111.5
2268 2269 110.5
2269 2319 103.5
2269 2270 93.5
2270 2320 102.5
2270 2271 100.5
2271 2321 92.5
2271 2272 67.5
2272 2322 51.5
2272 2273 96.5
2273 2323 67.5
2273 2274 98.5
2274 2324 110.5
2274 2275 96.5
2275 2325 99.5
2275 2276 88.5
2276 2326 91.5
2276 2277 109.5
2277 2327 86.5
2277 2278 98.5
2278 2328 87.5
2278 2279 109.5
2279 2329 102.5
2279 2280 89.5
2280 2330 103.5
2280 2281 111.5
2281 2331 96.5
2281 2282 97.5
2282 2332 100.5
2282 2283 107.5
2283 2333 105.5
2283 2284 108.5
2284 2334 102.5
2284 2285 102.5
2285 2335 104.5
2285 2286 104.5
2286 2336 102.5
2286 2287 104.5
2287 2337 97.5
2287 2288 106.5
2288 2338 101.5
2288 2289 88.5
2289 2339 107.5
2289 2290 110.5
2290 2340 93.5
2290 2291 107.5
2291 2341 86.5
2291 2292 90.5
2292 2342 101.5
2292 2293 107.5
2293 2343 100.5
2293 2294 97.5
2294 2344 110.5
2294 2295 95.5
2295 2345 101.5
2295 2296 76.5
2296 2346 109.5
2296 2297 97.5
2297 2347 88.5
2297 2298 97.5
2298 2348 94.5
2298 2299 65.5
2299 2349 106.5
2300 2350 101.5
2300 2301 96.5
2301 2351 96.5
2301 2302 93.5
2302 2352 102.5
2302 2303 105.5
2303 2353 109.5
2303 2304 91.5
2304 2354 100.5
2304 2305 109.5
2305 2355 98.5
2305 2306 105.5
2306 2356 84.5
2306 2307 107.5
2307 2357 80.5
2307 2308 99.5
2308 2358 78.5
2308 2309 105.5
2309 2359 89.5
2309 2310 97.5
2310 2360 109.5
2310 2311 101.5
2311 2361 104.5
2311 2312 107.5
2312 2362 85.5
2312 2313 103.5
2313 2363 88.5
2313 2314 100.5
2314 2364 97.5
2314 2315 100.5
2315 2365 102.5
2315 2316 92.5
2316 2366 108.5
2316 2317 80.5
2317 2367 101.5
2317 2318 81.5
2318 2368 100.5
2318 2319 102.5
2319 2369 108.5
2319 2320 110.5
2320 2370 102.5
2320 2321 94.5
2321 2371 91.5
2321 2322 108.5
2322 2372 96.5
2322 2323 110.5
2323 2373 108.5
2323 2324 79.5
2324 2374 102.5
2324 2325 83.5
2325 2375 109.5
2325 2326 102.5
2326 2376 87.5
2326 2327 104.5
2327 2377 82.5
2327 2328 97.5
2328 2378 90.5
2328 2329 98.5
2329 2379 106.5
2329 2330 106.5
2330 2380 104.5
2330 2331 104.5
2331 2381 90.5
2331 2332 101.5
2332 2382 88.5
2332 2333 102.5
2333 2383 102.5
2333 2334 105.5
2334 2384 110.5
2334 2335 100.5
2335 2385 100.5
2335 2336 102.5
2336 2386 91.5
2336 2337 109.5
2337 2387 92.5
2337 2338 110.5
2338 2388 97.5
2338 2339 74.5
2339 2389 103.5
2339 2340 96.5
2340 2390 108.5
2340 2341 100.5
2341 2391 97.5
2341 2342 97.5
2342 2392 91.5
2342 2343 106.5
2343 2393 96.5
2343 2344 107.5
2344 2394 78.5
2344 2345 84.5
2345 2395 86.5
2345 2346 64.5
2346 2396 102.5
2346 2347 104.5
2347 2397 95.5
2347 2348 91.5
2348 2398 92.5
2348 2349 87.5
2349 2399 85.5
2350 2400 108.5
2350 2351 101.5
2351 2401 95.5
2351 2352 99.5
2352 2402 106.5
2352 2353 110.5
2353 2403 91.5
2353 2354 104.5
2354 2404 81.5
2354 2355 111.5
2355 2405 96.5
2355 2356 91.5
2356 2406 111.5
2356 2357 111.5
2357 2407 99.5
2357 2358 97.5
2358 2408 103.5
2358 2359 94.5
2359 2409 105.5
2359 2360 101.5
2360 2410 103.5
2360 2361 110.5
2361 2411 100.5
2361 2362 88.5
2362 2412 91.5
2362 2363 106.5
2363 2413 94.5
2363 2364 109.5
2364 2414 100.5
2364 2365 105.5
2365 2415 102.5
2365 2366 86.5
2366 2416 107.5
2366 2367 87.5
2367 2417 103.5
2367 2368 80.5
2368 2418 101.5
2368 2369 88.5
2369 2419 105.5
2369 2370 104.5
2370 2420 91.5
2370 2371 83.5
2371 2421 98.5
2371 2372 103.5
2372 2422 82.5
2372 2373 98.5
2373 2423 97.5
2373 2374 67.5
2374 2424 98.5
2374 2375 72.5
2375 2425 102.5
2375 2376 98.5
2376 2426 106.5
2376 2377 109.5
2377 2427 93.5
2377 2378 105.5
2378 2428 98.5
2378 2379 108.5
2379 2429 107.5
2379 2380 94.5
2380 2430 108.5
2380 2381 104.5
2381 2431 106.5
2381 2382 103.5
2382 2432 106.5
2382 2383 106.5
2383 2433 97.5
2383 2384 97.5
2384 2434 104.5
2384 2385 110.5
2385 2435 109.5
2385 2386 93.5
2386 2436 104.5
2386 2387 108.5
2387 2437 89.5
2387 2388 107.5
2388 2438 88.5
2388 2389 68.5
2389 2439 102.5
2389 2390 85.5
2390 2440 107.5
2390 2391 89.5
2391 2441 105.5
2391 2392 103.5
2392 2442 109.5
2392 2393 71.5
2393 2443 107.5
2393 2394 89.5
2394 2444 105.5
2394 2395 76.5
2395 2445 93.5
2395 2396 98.5
2396 2446 107.5
2396 2397 111.5
2397 2447 88.5
2397 2398 96.5
2398 2448 109.5
2398 2399 80.5
2399 2449 102.5
2400 2450 107.5
2400 2401 102.5
2401 2451 100.5
2401 2402 102.5
2402 2452 106.5
2402 2403 95.5
2403 2453 107.5
2403 2404 108.5
2404 2454 107.5
2404 2405 96.5
2405 2455 110.5
2405 2406 106.5
2406 2456 106.5
2406 2407 99.5
2407 2457 102.5
2407 2408 93.5
2408 2458 98.5
2408 2409 96.5
2409 2459 100.5
2409 2410 107.5
2410 2460 99.5
2410 2411 109.5
2411 2461 106.5
2411 2412 79.5
2412 2462 108.5
2412 2413 109.5
2413 2463 109.5
2413 2414 107.5
2414 2464 104.5
2414 2415 107.5
2415 2465 102.5
2415 2416 81.5
2416 2466 109.5
2416 2417 91.5
2417 2467 108.5
2417 2418 98.5
2418 2468 105.5
2418 2419 92.5
2419 2469 83.5
2419 2420 90.5
2420 2470 90.5
2420 2421 90.5
2421 2471 94.5
2421 2422 61.5
2422 2472 80.5
2422 2423 109.5
2423 2473 107.5
2423 2424 94.5
2424 2474 99.5
2424 2425 76.5
2425 2475 89.5
2425 2426 102.5
2426 2476 78.5
2426 2427 100.5
2427 2477 70.5
2427 2428 110.5
2428 2478 58.5
2428 2429 99.5
2429 2479 68.5
2429 2430 93.5
2430 2480 97.5
2430 2431 96.5
2431 2481 103.5
2431 2432 103.5
2432 2482 88.5
2432 2433 87.5
2433 2483 78.5
2433 2434 104.5
2434 2484 86.5
2434 2435 105.5
2435 2485 89.5
2435 2436 98.5
2436 2486 85.5
2436 2437 93.5
2437 2487 82.5
2437 2438 106.5
2438 2488 98.5
2438 2439 82.5
2439 2489 87.5
2439 2440 98.5
2440 2490 53.5
2440 2441 91.5
2441 2491 36.5
2441 2442 111.5
2442 2492 39.5
2442 2443 65.5
2443 2493 87.5
2443 2444 87.5
2444 2494 93.5
2444 2445 88.5
2445 2495 108.5
2445 2446 102.5
2446 2496 85.5
2446 2447 92.5
2447 2497 82.5
2447 2448 75.5
2448 2498 90.5
2448 2449 87.5
2449 2499 98.5
2450 2451 109.5
2451 2452 108.5
2452 2453 96.5
2453 2454 108.5
2454 2455 93.5
2455 2456 102.5
2456 2457 103.5
2457 2458 89.5
2458 2459 94.5
2459 2460 106.5
2460 2461 106.5
2461 2462 81.5
2462 2463 110.5
2463 2464 110.5
2464 2465 105.5
2465 2466 74.5
2466 2467 86.5
2467 2468 89.5
2468 2469 108.5
2469 2470 83.5
2470 2471 86.5
2471 2472 47.5
2472 2473 82.5
2473 2474 110.5
2474 2475 110.5
2475 2476 109.5
2476 2477 108.5
2477 2478 100.5
2478 2479 109.5
2479 2480 100.5
2480 2481 102.5
2481 2482 104.5
2482 2483 97.5
2483 2484 110.5
2484 2485 102.5
2485 2486 102.5
2486 2487 90.5
2487 2488 100.5
2488 2489 103.5
2489 2490 90.5
2490 2491 108.5
2491 2492 108.5
2492 2493 109.5
2493 2494 93.5
2494 2495 109.5
2495 2496 97.5
2496 2497 95.5
2497 2498 83.5
2498 2499 101.5
